1 -4.272931779387071
2 -3.874991770715033
3 -3.874991770715033
4 -1.106501665543788
5 -1.5507093154173406
6 -1.839161945462205
7 -1.8882200364487882
8 -1.4854713048686556
9 -1.4854713048686556
10 -2.51326393469744
11 -4.5739617750510515
12 -3.874991770715033
13 -4.5739617750510515
14 -4.5739617750510515
15 -4.5739617750510515
16 -3.2729317793870707
17 -2.5286387962643944
18 -2.8663915989531157
19 -4.5739617750510515
20 -4.272931779387071
21 -3.874991770715033
22 -3.3978705159953706
23 -4.5739617750510515
24 -4.5739617750510515
25 -4.5739617750510515
26 -4.272931779387071
27 -3.9719017837230894
28 -4.5739617750510515
29 -3.7958105246674085
30 -4.5739617750510515
31 -4.5739617750510515
32 -4.5739617750510515
33 -4.272931779387071
34 -4.5739617750510515
35 -4.5739617750510515
36 -4.09684052033139
37 -4.09684052033139
38 -4.5739617750510515
39 -3.670871788059108
40 -4.5739617750510515
41 -2.6496824889891704
42 -4.5739617750510515
43 -4.5739617750510515
44 -4.272931779387071
45 -4.5739617750510515
46 -4.5739617750510515
47 -4.5739617750510515
48 -4.5739617750510515
49 -4.5739617750510515
50 -4.5739617750510515
51 -4.5739617750510515
52 -4.5739617750510515
53 -3.9719017837230894
54 -4.5739617750510515
55 -4.5739617750510515
56 -4.09684052033139
57 -4.5739617750510515
58 -3.9719017837230894
59 -4.5739617750510515
60 -4.5739617750510515
61 -4.272931779387071
62 -4.5739617750510515
63 -4.5739617750510515
64 -4.5739617750510515
65 -4.5739617750510515
66 -4.272931779387071
67 -4.272931779387071
68 -3.9719017837230894
69 -4.09684052033139
70 -3.619719265611727
71 -4.5739617750510515
72 -4.5739617750510515
73 -4.5739617750510515
74 -4.5739617750510515
75 -3.573961775051052
76 -3.0298937307007763
77 -4.09684052033139
78 -4.5739617750510515
79 -4.5739617750510515
80 -3.3978705159953706
81 -4.5739617750510515
82 -4.5739617750510515
83 -4.5739617750510515
84 -4.5739617750510515
85 -4.272931779387071
86 -3.619719265611727
87 -4.272931779387071
88 -3.670871788059108
89 -3.619719265611727
90 -4.5739617750510515
91 -4.5739617750510515
92 -4.272931779387071
93 -4.5739617750510515
94 -4.5739617750510515
95 -4.5739617750510515
96 -3.7958105246674085
97 -4.5739617750510515
98 -4.5739617750510515
99 -4.09684052033139
100 -3.619719265611727
101 -4.09684052033139
102 -4.272931779387071
103 -4.5739617750510515
104 -4.5739617750510515
105 -3.005760050984057
106 -4.09684052033139
107 -3.874991770715033
108 -4.5739617750510515
109 -4.5739617750510515
110 -4.5739617750510515
111 -4.272931779387071
112 -3.9719017837230894
113 -4.5739617750510515
114 -4.5739617750510515
115 -4.5739617750510515
116 -4.5739617750510515
117 -3.9719017837230894
118 -4.5739617750510515
119 -4.09684052033139
120 -4.5739617750510515
121 -3.9719017837230894
122 -4.5739617750510515
123 -4.5739617750510515
124 -4.5739617750510515
125 -3.7958105246674085
126 -4.5739617750510515
127 -4.5739617750510515
128 -4.272931779387071
129 -3.9719017837230894
130 -4.5739617750510515
131 -4.5739617750510515
132 -4.272931779387071
133 -4.09684052033139
134 -4.5739617750510515
135 -4.5739617750510515
136 -3.9719017837230894
137 -4.5739617750510515
138 -4.09684052033139
139 -3.619719265611727
140 -4.272931779387071
141 -2.754417839509183
142 -3.7958105246674085
143 -3.4947805290034273
144 -4.5739617750510515
145 -4.272931779387071
146 -4.5739617750510515
147 -4.5739617750510515
148 -3.7958105246674085
149 -4.5739617750510515
150 -4.5739617750510515
151 -4.272931779387071
152 -4.5739617750510515
153 -4.5739617750510515
154 -3.7958105246674085
155 -4.09684052033139
156 -3.532569089892827
157 -3.9719017837230894
158 -3.532569089892827
159 -4.09684052033139
160 -4.5739617750510515
161 -4.5739617750510515
162 -2.8031097634089077
163 -4.5739617750510515
164 -4.5739617750510515
165 -4.5739617750510515
166 -4.5739617750510515
167 -4.5739617750510515
168 -4.5739617750510515
169 -4.5739617750510515
170 -4.5739617750510515
171 -4.5739617750510515
172 -4.5739617750510515
173 -4.272931779387071
174 -4.09684052033139
175 -4.5739617750510515
176 -4.5739617750510515
177 -3.573961775051052
178 -4.5739617750510515
179 -4.09684052033139
180 -4.5739617750510515
181 -4.5739617750510515
182 -4.272931779387071
183 -4.272931779387071
184 -4.5739617750510515
185 -4.5739617750510515
186 -3.874991770715033
187 -4.5739617750510515
188 -4.5739617750510515
189 -3.9719017837230894
190 -4.5739617750510515
191 -4.5739617750510515
192 -3.874991770715033
193 -3.619719265611727
194 -2.277296584789521
195 -4.272931779387071
196 -3.7958105246674085
197 -3.670871788059108
198 -4.5739617750510515
199 -4.5739617750510515
200 -4.5739617750510515
201 -4.5739617750510515
202 -3.573961775051052
203 -4.5739617750510515
204 -4.272931779387071
205 -3.670871788059108
206 -4.5739617750510515
207 -3.728863735036795
208 -4.5739617750510515
209 -4.5739617750510515
210 -3.670871788059108
211 -3.7958105246674085
212 -3.9719017837230894
213 -4.5739617750510515
214 -4.5739617750510515
215 -4.5739617750510515
216 -4.09684052033139
217 -4.272931779387071
218 -4.5739617750510515
219 -4.5739617750510515
220 -4.09684052033139
221 -4.5739617750510515
222 -3.9719017837230894
223 -4.5739617750510515
224 -4.5739617750510515
225 -3.9719017837230894
226 -4.5739617750510515
227 -3.532569089892827
228 -4.5739617750510515
229 -4.5739617750510515
230 -4.5739617750510515
231 -3.728863735036795
232 -4.5739617750510515
233 -4.5739617750510515
234 -4.5739617750510515
235 -4.272931779387071
236 -4.5739617750510515
237 -4.272931779387071
238 -3.9719017837230894
239 -4.5739617750510515
240 -4.272931779387071
241 -4.5739617750510515
242 -2.003418835169154
243 -3.573961775051052
244 -3.9719017837230894
245 -4.272931779387071
246 -4.5739617750510515
247 -3.728863735036795
248 -2.7746212255974703
249 -4.5739617750510515
250 -4.5739617750510515
251 -3.3698417923951274
252 -4.09684052033139
253 -4.5739617750510515
254 -3.0554478351731644
255 -4.09684052033139
256 -4.5739617750510515
257 -3.874991770715033
258 -4.5739617750510515
259 -4.272931779387071
260 -2.41862573758599
261 -4.5739617750510515
262 -4.5739617750510515
263 -3.670871788059108
264 -3.9719017837230894
265 -4.272931779387071
266 -4.5739617750510515
267 -4.5739617750510515
268 -4.5739617750510515
269 -4.5739617750510515
270 -4.5739617750510515
271 -4.5739617750510515
272 -4.272931779387071
273 -4.5739617750510515
274 -4.5739617750510515
275 -4.5739617750510515
276 -4.5739617750510515
277 -4.09684052033139
278 -4.5739617750510515
279 -4.09684052033139
280 -4.09684052033139
281 -2.4876019443763036
282 -4.5739617750510515
283 -3.251742480317133
284 -4.5739617750510515
285 -4.5739617750510515
286 -4.09684052033139
287 -4.5739617750510515
288 -4.5739617750510515
289 -4.5739617750510515
290 -4.5739617750510515
291 -4.5739617750510515
292 -4.272931779387071
293 -4.5739617750510515
294 -4.5739617750510515
295 -4.5739617750510515
296 -4.5739617750510515
297 -4.5739617750510515
298 -4.5739617750510515
299 -4.272931779387071
300 -4.5739617750510515
301 -4.09684052033139
302 -2.470158054095095
303 -2.911203943369478
304 -4.272931779387071
305 -3.619719265611727
306 -4.5739617750510515
307 -3.1425980108920646
308 -4.5739617750510515
309 -4.09684052033139
310 -3.2315390942288458
311 -3.9719017837230894
312 -4.272931779387071
313 -4.272931779387071
314 -4.5739617750510515
315 -3.193750533339446
316 -3.9719017837230894
317 -4.5739617750510515
318 -4.5739617750510515
319 -4.272931779387071
320 -4.5739617750510515
321 -4.5739617750510515
322 -3.9719017837230894
323 -4.5739617750510515
324 -4.5739617750510515
325 -4.5739617750510515
326 -4.09684052033139
327 -4.5739617750510515
328 -4.5739617750510515
329 -3.728863735036795
330 -4.5739617750510515
331 -3.532569089892827
332 -4.5739617750510515
333 -4.5739617750510515
334 -4.5739617750510515
335 -4.5739617750510515
336 -4.5739617750510515
337 -4.272931779387071
338 -4.5739617750510515
339 -4.5739617750510515
340 -4.5739617750510515
341 -4.5739617750510515
342 -4.272931779387071
343 -3.874991770715033
344 -4.5739617750510515
345 -4.5739617750510515
346 -4.272931779387071
347 -4.272931779387071
348 -3.7958105246674085
349 -4.5739617750510515
350 -4.5739617750510515
351 -4.272931779387071
352 -4.5739617750510515
353 -4.272931779387071
354 -4.5739617750510515
355 -4.5739617750510515
356 -4.5739617750510515
357 -4.5739617750510515
358 -3.619719265611727
359 -4.5739617750510515
360 -4.5739617750510515
361 -4.5739617750510515
362 -3.460018422744215
363 -4.5739617750510515
364 -4.272931779387071
365 -4.5739617750510515
366 -4.09684052033139
367 -4.5739617750510515
368 -4.272931779387071
369 -4.272931779387071
370 -3.874991770715033
371 -3.005760050984057
372 -4.5739617750510515
373 -3.7958105246674085
374 -3.7958105246674085
375 -4.5739617750510515
376 -4.5739617750510515
377 -3.9719017837230894
378 -4.272931779387071
379 -3.874991770715033
380 -4.09684052033139
381 -4.5739617750510515
382 -4.5739617750510515
383 -4.5739617750510515
384 -3.619719265611727
385 -4.5739617750510515
386 -4.5739617750510515
387 -4.5739617750510515
388 -4.5739617750510515
389 -4.5739617750510515
390 -4.09684052033139
391 -4.5739617750510515
392 -4.5739617750510515
393 -3.7958105246674085
394 -4.5739617750510515
395 -4.5739617750510515
396 -4.5739617750510515
397 -2.698900511659352
398 -4.5739617750510515
399 -4.5739617750510515
400 -4.5739617750510515
401 -3.728863735036795
402 -4.5739617750510515
403 -4.5739617750510515
404 -4.5739617750510515
405 -4.5739617750510515
406 -4.272931779387071
407 -4.09684052033139
408 -4.272931779387071
409 -4.272931779387071
410 -3.0176592742837647
411 -4.5739617750510515
412 -3.2315390942288458
413 -4.09684052033139
414 -4.5739617750510515
415 -4.272931779387071
416 -4.5739617750510515
417 -4.09684052033139
418 -4.09684052033139
419 -3.670871788059108
420 -4.09684052033139
421 -4.5739617750510515
422 -4.5739617750510515
423 -4.5739617750510515
424 -4.5739617750510515
425 -4.5739617750510515
426 -4.272931779387071
427 -4.5739617750510515
428 -3.1425980108920646
429 -3.4278337393728138
430 -4.272931779387071
431 -4.5739617750510515
432 -4.5739617750510515
433 -4.5739617750510515
434 -3.7958105246674085
435 -3.670871788059108
436 -4.5739617750510515
437 -4.09684052033139
438 -4.5739617750510515
439 -4.5739617750510515
440 -4.5739617750510515
441 -4.09684052033139
442 -4.5739617750510515
443 -3.874991770715033
444 -4.5739617750510515
445 -3.7958105246674085
446 -4.5739617750510515
447 -4.272931779387071
448 -3.7958105246674085
449 -4.272931779387071
450 -4.5739617750510515
451 -3.532569089892827
452 -4.5739617750510515
453 -3.9719017837230894
454 -4.5739617750510515
455 -3.460018422744215
456 -4.5739617750510515
457 -4.5739617750510515
458 -4.5739617750510515
459 -4.5739617750510515
460 -4.5739617750510515
461 -4.09684052033139
462 -4.272931779387071
463 -4.5739617750510515
464 -4.09684052033139
465 -4.5739617750510515
466 -4.09684052033139
467 -4.5739617750510515
468 -4.5739617750510515
469 -4.5739617750510515
470 -3.7958105246674085
471 -4.5739617750510515
472 -4.5739617750510515
473 -4.09684052033139
474 -3.3698417923951274
475 -4.5739617750510515
476 -4.272931779387071
477 -4.5739617750510515
478 -4.272931779387071
479 -4.09684052033139
480 -4.5739617750510515
481 -3.874991770715033
482 -3.9719017837230894
483 -3.874991770715033
484 -4.5739617750510515
485 -4.5739617750510515
486 -4.5739617750510515
487 -4.5739617750510515
488 -4.272931779387071
489 -4.5739617750510515
490 -3.9719017837230894
491 -4.5739617750510515
492 -3.3698417923951274
493 -4.5739617750510515
494 -4.5739617750510515
495 -4.272931779387071
496 -4.272931779387071
497 -3.460018422744215
498 -3.9719017837230894
499 -4.5739617750510515
500 -4.272931779387071
501 -4.5739617750510515
502 -4.09684052033139
503 -4.5739617750510515
504 -4.272931779387071
505 -4.5739617750510515
506 -4.5739617750510515
507 -4.5739617750510515
508 -4.272931779387071
509 -4.5739617750510515
510 -4.272931779387071
511 -4.5739617750510515
512 -3.4278337393728138
513 -3.295208174098223
514 -4.5739617750510515
515 -4.09684052033139
516 -3.874991770715033
517 -4.09684052033139
518 -3.728863735036795
519 -4.09684052033139
520 -4.5739617750510515
521 -4.272931779387071
522 -3.343512853672778
523 -3.532569089892827
524 -4.5739617750510515
525 -4.5739617750510515
526 -4.5739617750510515
527 -4.09684052033139
528 -4.5739617750510515
529 -4.272931779387071
530 -4.272931779387071
531 -3.874991770715033
532 -4.5739617750510515
533 -4.09684052033139
534 -3.728863735036795
535 -4.5739617750510515
536 -4.5739617750510515
537 -3.7958105246674085
538 -4.272931779387071
539 -4.5739617750510515
540 -2.133052692985834
541 -4.272931779387071
542 -3.9719017837230894
543 -4.09684052033139
544 -4.272931779387071
545 -3.619719265611727
546 -3.532569089892827
547 -3.7958105246674085
548 -4.5739617750510515
549 -4.09684052033139
550 -4.5739617750510515
551 -4.272931779387071
552 -3.1760217663790145
553 -4.5739617750510515
554 -4.5739617750510515
555 -4.5739617750510515
556 -4.5739617750510515
557 -4.272931779387071
558 -4.272931779387071
559 -4.09684052033139
560 -3.728863735036795
561 -2.5916905420114835
562 -3.9719017837230894
563 -4.5739617750510515
564 -3.0298937307007763
565 -3.251742480317133
566 -3.7958105246674085
567 -4.5739617750510515
568 -3.728863735036795
569 -3.4947805290034273
570 -2.2906605463475023
571 -4.5739617750510515
572 -4.272931779387071
573 -4.5739617750510515
574 -2.7746212255974703
575 -3.532569089892827
576 -4.5739617750510515
577 -3.0176592742837647
578 -3.3978705159953706
579 -2.754417839509183
580 -1.2863839659723466
581 -3.728863735036795
582 -3.9719017837230894
583 -3.9719017837230894
584 -4.272931779387071
585 -4.5739617750510515
586 -4.5739617750510515
587 -3.3978705159953706
588 -4.09684052033139
589 -3.460018422744215
590 -3.295208174098223
591 -4.5739617750510515
592 -4.5739617750510515
593 -3.619719265611727
594 -4.5739617750510515
595 -4.5739617750510515
596 -3.9719017837230894
597 -4.5739617750510515
598 -4.5739617750510515
599 -4.5739617750510515
600 -2.5020797677449265
601 -3.728863735036795
602 -3.2315390942288458
603 -4.5739617750510515
604 -4.5739617750510515
605 -3.7958105246674085
606 -4.5739617750510515
607 -4.5739617750510515
608 -2.624571768406139
609 -4.5739617750510515
610 -4.5739617750510515
611 -4.5739617750510515
612 -4.5739617750510515
613 -3.619719265611727
614 -4.5739617750510515
615 -3.9719017837230894
616 -4.5739617750510515
617 -3.4278337393728138
618 -4.5739617750510515
619 -2.911203943369478
620 -4.09684052033139
621 -4.5739617750510515
622 -4.5739617750510515
623 -3.0176592742837647
624 -4.5739617750510515
625 -3.9719017837230894
626 -4.09684052033139
627 -4.09684052033139
628 -4.272931779387071
629 -4.5739617750510515
630 -4.5739617750510515
631 -3.7958105246674085
632 -4.5739617750510515
633 -4.272931779387071
634 -4.5739617750510515
635 -4.5739617750510515
636 -4.09684052033139
637 -4.272931779387071
638 -2.2455821716123143
639 -3.532569089892827
640 -3.874991770715033
641 -3.343512853672778
642 -3.7958105246674085
643 -4.5739617750510515
644 -3.573961775051052
645 -2.9507124846531516
646 -3.874991770715033
647 -3.9719017837230894
648 -3.670871788059108
649 -4.09684052033139
650 -4.5739617750510515
651 -2.7047300553200757
652 -3.874991770715033
653 -2.8927205376754648
654 -4.272931779387071
655 -4.09684052033139
656 -4.5739617750510515
657 -4.5739617750510515
658 -3.9719017837230894
659 -3.874991770715033
660 -2.8927205376754648
661 -3.7958105246674085
662 -4.272931779387071
663 -4.5739617750510515
664 -4.5739617750510515
665 -4.09684052033139
666 -4.272931779387071
667 -4.272931779387071
668 -4.09684052033139
669 -4.5739617750510515
670 -4.5739617750510515
671 -3.0554478351731644
672 -4.272931779387071
673 -4.5739617750510515
674 -4.5739617750510515
675 -4.272931779387071
676 -4.5739617750510515
677 -3.874991770715033
678 -4.5739617750510515
679 -4.5739617750510515
680 -4.272931779387071
681 -4.272931779387071
682 -3.318689269947746
683 -2.982897168024553
684 -4.5739617750510515
685 -3.573961775051052
686 -3.874991770715033
687 -4.5739617750510515
688 -3.619719265611727
689 -4.5739617750510515
690 -4.5739617750510515
691 -4.5739617750510515
692 -4.272931779387071
693 -4.5739617750510515
694 -4.5739617750510515
695 -4.5739617750510515
696 -2.8927205376754648
697 -3.193750533339446
698 -4.5739617750510515
699 -3.2315390942288458
700 -4.09684052033139
701 -4.272931779387071
702 -3.573961775051052
703 -3.728863735036795
704 -3.619719265611727
705 -3.460018422744215
706 -4.09684052033139
707 -4.5739617750510515
708 -3.874991770715033
709 -4.272931779387071
710 -4.5739617750510515
711 -4.5739617750510515
712 -3.193750533339446
713 -4.5739617750510515
714 -4.272931779387071
715 -4.5739617750510515
716 -4.5739617750510515
717 -4.272931779387071
718 -4.272931779387071
719 -4.5739617750510515
720 -3.0968405203313893
721 -4.5739617750510515
722 -4.09684052033139
723 -2.6818671723605716
724 -2.788631940040285
725 -2.9507124846531516
726 -4.272931779387071
727 -4.272931779387071
728 -4.5739617750510515
729 -4.5739617750510515
730 -3.573961775051052
731 -4.5739617750510515
732 -4.5739617750510515
733 -4.5739617750510515
734 -4.5739617750510515
735 -4.09684052033139
736 -3.573961775051052
737 -4.272931779387071
738 -4.5739617750510515
739 -3.7958105246674085
740 -3.532569089892827
741 -2.788631940040285
742 -3.670871788059108
743 -4.5739617750510515
744 -4.5739617750510515
745 -4.5739617750510515
746 -3.728863735036795
747 -2.7414528623448158
748 -4.272931779387071
749 -3.7958105246674085
750 -2.6496824889891704
751 -2.409608919266615
752 -4.272931779387071
753 -3.251742480317133
754 -3.460018422744215
755 -3.728863735036795
756 -4.272931779387071
757 -4.5739617750510515
758 -4.5739617750510515
759 -4.09684052033139
760 -3.874991770715033
761 -3.874991770715033
762 -4.5739617750510515
763 -3.005760050984057
764 -4.272931779387071
765 -4.5739617750510515
766 -4.09684052033139
767 -3.619719265611727
768 -4.5739617750510515
769 -4.5739617750510515
770 -4.272931779387071
771 -3.9719017837230894
772 -4.5739617750510515
773 -4.5739617750510515
774 -4.5739617750510515
775 -4.09684052033139
776 -4.272931779387071
777 -4.272931779387071
778 -3.9719017837230894
779 -4.5739617750510515
780 -3.4947805290034273
781 -3.4278337393728138
782 -2.9207492612757084
783 -4.272931779387071
784 -4.272931779387071
785 -4.5739617750510515
786 -3.4278337393728138
787 -3.670871788059108
788 -3.0968405203313893
789 -3.728863735036795
790 -4.09684052033139
791 -4.272931779387071
792 -4.5739617750510515
793 -4.09684052033139
794 -4.5739617750510515
795 -4.272931779387071
796 -4.5739617750510515
797 -3.874991770715033
798 -4.5739617750510515
799 -4.5739617750510515
800 -4.5739617750510515
801 -4.272931779387071
802 -4.5739617750510515
803 -4.5739617750510515
804 -2.7958105246674085
805 -3.874991770715033
806 -4.09684052033139
807 -4.09684052033139
808 -4.5739617750510515
809 -4.09684052033139
810 -3.343512853672778
811 -4.5739617750510515
812 -4.5739617750510515
813 -3.874991770715033
814 -4.5739617750510515
815 -3.874991770715033
816 -4.272931779387071
817 -4.5739617750510515
818 -4.272931779387071
819 -3.318689269947746
820 -3.874991770715033
821 -4.09684052033139
822 -4.5739617750510515
823 -4.5739617750510515
824 -4.272931779387071
825 -4.09684052033139
826 -4.5739617750510515
827 -4.5739617750510515
828 -4.272931779387071
829 -4.09684052033139
830 -4.5739617750510515
831 -3.4947805290034273
832 -4.5739617750510515
833 -4.5739617750510515
834 -4.5739617750510515
835 -4.5739617750510515
836 -4.5739617750510515
837 -3.670871788059108
838 -4.09684052033139
839 -4.09684052033139
840 -3.9719017837230894
841 -3.460018422744215
842 -3.193750533339446
843 -3.874991770715033
844 -4.272931779387071
845 -3.619719265611727
846 -3.532569089892827
847 -3.670871788059108
848 -3.670871788059108
849 -3.7958105246674085
850 -3.7958105246674085
851 -4.5739617750510515
852 -4.5739617750510515
853 -4.5739617750510515
854 -4.5739617750510515
855 -4.5739617750510515
856 -4.09684052033139
857 -3.619719265611727
858 -4.5739617750510515
859 -4.09684052033139
860 -3.9719017837230894
861 -4.272931779387071
862 -4.5739617750510515
863 -4.272931779387071
864 -4.5739617750510515
865 -4.5739617750510515
866 -3.670871788059108
867 -4.5739617750510515
868 -4.5739617750510515
869 -3.874991770715033
870 -4.272931779387071
871 -2.9305090985648645
872 -2.9305090985648645
873 -2.781570085552798
874 -2.8663915989531157
875 -3.573961775051052
876 -3.874991770715033
877 -4.272931779387071
878 -4.272931779387071
879 -3.670871788059108
880 -4.5739617750510515
881 -4.5739617750510515
882 -4.5739617750510515
883 -4.5739617750510515
884 -4.5739617750510515
885 -3.7958105246674085
886 -4.5739617750510515
887 -4.09684052033139
888 -4.5739617750510515
889 -4.272931779387071
890 -4.5739617750510515
891 -3.874991770715033
892 -4.5739617750510515
893 -4.272931779387071
894 -3.573961775051052
895 -4.5739617750510515
896 -4.5739617750510515
897 -4.5739617750510515
898 -4.5739617750510515
899 -4.5739617750510515
900 -4.5739617750510515
901 -4.09684052033139
902 -4.5739617750510515
903 -3.619719265611727
904 -3.9719017837230894
905 -4.5739617750510515
906 -4.272931779387071
907 -4.272931779387071
908 -2.849685905450263
909 -3.193750533339446
910 -3.1589884270802338
911 -3.573961775051052
912 -4.5739617750510515
913 -4.5739617750510515
914 -4.5739617750510515
915 -4.5739617750510515
916 -4.5739617750510515
917 -4.5739617750510515
918 -4.272931779387071
919 -4.5739617750510515
920 -4.272931779387071
921 -4.272931779387071
922 -4.5739617750510515
923 -4.09684052033139
924 -3.619719265611727
925 -4.5739617750510515
926 -2.994178178434242
927 -4.09684052033139
928 -4.5739617750510515
929 -3.9719017837230894
930 -3.212233939033459
931 -3.573961775051052
932 -4.5739617750510515
933 -4.5739617750510515
934 -3.9719017837230894
935 -2.874991770715033
936 -4.272931779387071
937 -3.9719017837230894
938 -3.9719017837230894
939 -4.5739617750510515
940 -4.5739617750510515
941 -3.1760217663790145
942 -3.4947805290034273
943 -4.5739617750510515
944 -4.09684052033139
945 -4.5739617750510515
946 -4.5739617750510515
947 -3.874991770715033
948 -4.09684052033139
949 -3.343512853672778
950 -4.272931779387071
951 -4.5739617750510515
952 -3.874991770715033
953 -4.5739617750510515
954 -4.5739617750510515
955 -3.9719017837230894
956 -3.212233939033459
957 -3.532569089892827
958 -4.5739617750510515
959 -3.728863735036795
960 -3.2315390942288458
961 -3.1425980108920646
962 -4.272931779387071
963 -3.7958105246674085
964 -3.7958105246674085
965 -4.09684052033139
966 -3.619719265611727
967 -2.5916905420114835
968 -3.532569089892827
969 -4.09684052033139
970 -2.9404933194714653
971 -3.9719017837230894
972 -4.5739617750510515
973 -3.619719265611727
974 -4.5739617750510515
975 -4.09684052033139
976 -4.272931779387071
977 -4.09684052033139
978 -4.272931779387071
979 -4.5739617750510515
980 -4.272931779387071
981 -4.272931779387071
982 -4.09684052033139
983 -4.5739617750510515
984 -4.09684052033139
985 -3.7958105246674085
986 -4.09684052033139
987 -4.5739617750510515
988 -4.5739617750510515
989 -4.09684052033139
990 -4.5739617750510515
991 -4.5739617750510515
992 -4.09684052033139
993 -3.874991770715033
994 -4.5739617750510515
995 -4.09684052033139
996 -4.09684052033139
997 -4.5739617750510515
998 -4.5739617750510515
999 -3.874991770715033
1000 -4.5739617750510515
1001 -3.874991770715033
1002 -4.272931779387071
1003 -3.2315390942288458
1004 -3.619719265611727
1005 -4.09684052033139
1006 -3.670871788059108
1007 -2.7166292786197834
1008 -3.670871788059108
1009 -4.09684052033139
1010 -4.09684052033139
1011 -3.7958105246674085
1012 -4.5739617750510515
1013 -3.728863735036795
1014 -4.5739617750510515
1015 -4.5739617750510515
1016 -4.5739617750510515
1017 -3.0554478351731644
1018 -2.9507124846531516
1019 -4.09684052033139
1020 -4.5739617750510515
1021 -4.5739617750510515
1022 -4.272931779387071
1023 -4.272931779387071
1024 -3.9719017837230894
1025 -3.9719017837230894
1026 -4.5739617750510515
1027 -4.5739617750510515
1028 -4.5739617750510515
1029 -3.619719265611727
1030 -3.2729317793870707
1031 -4.5739617750510515
1032 -4.272931779387071
1033 -4.5739617750510515
1034 -4.5739617750510515
1035 -4.5739617750510515
1036 -3.9719017837230894
1037 -2.3698417923951274
1038 -3.7958105246674085
1039 -4.272931779387071
1040 -4.5739617750510515
1041 -4.09684052033139
1042 -3.728863735036795
1043 -3.532569089892827
1044 -4.272931779387071
1045 -3.9719017837230894
1046 -3.874991770715033
1047 -4.5739617750510515
1048 -4.5739617750510515
1049 -4.09684052033139
1050 -4.5739617750510515
1051 -4.272931779387071
1052 -3.7958105246674085
1053 -3.573961775051052
1054 -4.5739617750510515
1055 -4.5739617750510515
1056 -3.573961775051052
1057 -3.9719017837230894
1058 -4.272931779387071
1059 -4.09684052033139
1060 -3.0424828580087966
1061 -4.272931779387071
1062 -3.874991770715033
1063 -3.670871788059108
1064 -4.5739617750510515
1065 -4.272931779387071
1066 -3.9719017837230894
1067 -3.670871788059108
1068 -4.5739617750510515
1069 -4.5739617750510515
1070 -4.5739617750510515
1071 -4.5739617750510515
1072 -4.272931779387071
1073 -3.728863735036795
1074 -3.4278337393728138
1075 -3.3698417923951274
1076 -4.272931779387071
1077 -4.5739617750510515
1078 -3.3978705159953706
1079 -4.5739617750510515
1080 -3.532569089892827
1081 -4.09684052033139
1082 -3.193750533339446
1083 -3.670871788059108
1084 -3.4278337393728138
1085 -3.619719265611727
1086 -4.5739617750510515
1087 -4.5739617750510515
1088 -4.5739617750510515
1089 -4.5739617750510515
1090 -4.5739617750510515
1091 -4.09684052033139
1092 -4.272931779387071
1093 -4.5739617750510515
1094 -4.5739617750510515
1095 -3.343512853672778
1096 -4.5739617750510515
1097 -4.272931779387071
1098 -2.170841253875234
1099 -4.272931779387071
1100 -4.5739617750510515
1101 -4.272931779387071
1102 -3.874991770715033
1103 -4.272931779387071
1104 -4.5739617750510515
1105 -4.5739617750510515
1106 -4.5739617750510515
1107 -4.5739617750510515
1108 -4.272931779387071
1109 -4.5739617750510515
1110 -3.068811796731146
1111 -3.460018422744215
1112 -4.5739617750510515
1113 -3.0968405203313893
1114 -4.272931779387071
1115 -4.272931779387071
1116 -3.670871788059108
1117 -4.272931779387071
1118 -4.272931779387071
1119 -4.5739617750510515
1120 -4.272931779387071
1121 -3.4278337393728138
1122 -3.874991770715033
1123 -4.5739617750510515
1124 -4.5739617750510515
1125 -4.5739617750510515
1126 -2.480540089888817
1127 -3.728863735036795
1128 -3.460018422744215
1129 -4.5739617750510515
1130 -4.272931779387071
1131 -3.874991770715033
1132 -3.728863735036795
1133 -4.272931779387071
1134 -4.5739617750510515
1135 -4.5739617750510515
1136 -3.670871788059108
1137 -3.670871788059108
1138 -3.9719017837230894
1139 -3.619719265611727
1140 -4.272931779387071
1141 -3.3978705159953706
1142 -4.272931779387071
1143 -2.9507124846531516
1144 -4.272931779387071
1145 -3.4278337393728138
1146 -3.7958105246674085
1147 -3.9719017837230894
1148 -4.5739617750510515
1149 -4.5739617750510515
1150 -4.5739617750510515
1151 -2.883765695022538
1152 -3.295208174098223
1153 -4.5739617750510515
1154 -4.272931779387071
1155 -2.8415680152280833
1156 -4.5739617750510515
1157 -3.874991770715033
1158 -3.9719017837230894
1159 -4.09684052033139
1160 -4.09684052033139
1161 -3.7958105246674085
1162 -4.5739617750510515
1163 -3.7958105246674085
1164 -3.0424828580087966
1165 -4.5739617750510515
1166 -3.9719017837230894
1167 -4.5739617750510515
1168 -3.9719017837230894
1169 -4.09684052033139
1170 -4.272931779387071
1171 -3.670871788059108
1172 -4.5739617750510515
1173 -4.5739617750510515
1174 -4.09684052033139
1175 -4.5739617750510515
1176 -3.7958105246674085
1177 -4.272931779387071
1178 -3.1760217663790145
1179 -4.09684052033139
1180 -3.9719017837230894
1181 -4.5739617750510515
1182 -3.874991770715033
1183 -4.5739617750510515
1184 -3.9719017837230894
1185 -3.874991770715033
1186 -3.343512853672778
1187 -4.5739617750510515
1188 -4.272931779387071
1189 -3.7958105246674085
1190 -4.5739617750510515
1191 -4.5739617750510515
1192 -4.5739617750510515
1193 -4.272931779387071
1194 -2.5057759133048902
1195 -4.272931779387071
1196 -4.09684052033139
1197 -4.5739617750510515
1198 -4.5739617750510515
1199 -2.7351126843137967
1200 -4.5739617750510515
1201 -4.5739617750510515
1202 -3.728863735036795
1203 -4.5739617750510515
1204 -3.295208174098223
1205 -4.5739617750510515
1206 -4.5739617750510515
1207 -4.09684052033139
1208 -4.5739617750510515
1209 -3.874991770715033
1210 -4.5739617750510515
1211 -4.272931779387071
1212 -4.272931779387071
1213 -2.7610484184081963
1214 -4.09684052033139
1215 -4.5739617750510515
1216 -4.5739617750510515
1217 -4.272931779387071
1218 -3.7958105246674085
1219 -2.460018422744215
1220 -4.272931779387071
1221 -4.5739617750510515
1222 -1.862998656055776
1223 -3.3978705159953706
1224 -4.272931779387071
1225 -4.5739617750510515
1226 -4.5739617750510515
1227 -3.7958105246674085
1228 -3.874991770715033
1229 -3.1760217663790145
1230 -3.670871788059108
1231 -4.5739617750510515
1232 -4.272931779387071
1233 -3.212233939033459
1234 -4.09684052033139
1235 -4.272931779387071
1236 -4.272931779387071
1237 -4.5739617750510515
1238 -4.5739617750510515
1239 -4.5739617750510515
1240 -4.09684052033139
1241 -4.09684052033139
1242 -4.272931779387071
1243 -4.09684052033139
1244 -2.412593772816077
1245 -3.9719017837230894
1246 -4.5739617750510515
1247 -3.619719265611727
1248 -3.7958105246674085
1249 -3.4278337393728138
1250 -4.5739617750510515
1251 -3.9719017837230894
1252 -4.5739617750510515
1253 -4.272931779387071
1254 -4.09684052033139
1255 -4.5739617750510515
1256 -2.06341676484444
1257 -3.3698417923951274
1258 -4.272931779387071
1259 -4.5739617750510515
1260 -1.849685905450263
1261 -4.272931779387071
1262 -3.9719017837230894
1263 -4.09684052033139
1264 -4.5739617750510515
1265 -4.5739617750510515
1266 -4.5739617750510515
1267 -4.5739617750510515
1268 -4.5739617750510515
1269 -4.5739617750510515
1270 -4.5739617750510515
1271 -4.272931779387071
1272 -2.7478869723502255
1273 -3.874991770715033
1274 -4.09684052033139
1275 -3.874991770715033
1276 -2.911203943369478
1277 -4.272931779387071
1278 -4.5739617750510515
1279 -4.272931779387071
1280 -4.5739617750510515
1281 -4.272931779387071
1282 -3.9719017837230894
1283 -3.728863735036795
1284 -3.193750533339446
1285 -3.874991770715033
1286 -3.874991770715033
1287 -4.09684052033139
1288 -4.5739617750510515
1289 -1.8963548223305589
1290 -4.5739617750510515
1291 -3.9719017837230894
1292 -3.874991770715033
1293 -4.272931779387071
1294 -4.5739617750510515
1295 -4.09684052033139
1296 -4.272931779387071
1297 -4.272931779387071
1298 -4.5739617750510515
1299 -4.5739617750510515
1300 -4.272931779387071
1301 -4.09684052033139
1302 -4.5739617750510515
1303 -4.5739617750510515
1304 -4.272931779387071
1305 -4.272931779387071
1306 -3.9719017837230894
1307 -4.5739617750510515
1308 -4.272931779387071
1309 -4.5739617750510515
1310 -2.728863735036795
1311 -4.5739617750510515
1312 -2.2729317793870707
1313 -4.5739617750510515
1314 -4.5739617750510515
1315 -2.208473790160152
1316 -4.5739617750510515
1317 -4.5739617750510515
1318 -4.272931779387071
1319 -4.5739617750510515
1320 -3.7958105246674085
1321 -3.670871788059108
1322 -4.5739617750510515
1323 -3.874991770715033
1324 -4.5739617750510515
1325 -4.5739617750510515
1326 -4.5739617750510515
1327 -4.5739617750510515
1328 -3.532569089892827
1329 -4.09684052033139
1330 -4.09684052033139
1331 -4.09684052033139
1332 -4.5739617750510515
1333 -4.09684052033139
1334 -4.5739617750510515
1335 -3.3698417923951274
1336 -4.272931779387071
1337 -4.272931779387071
1338 -3.9719017837230894
1339 -3.7958105246674085
1340 -4.5739617750510515
1341 -3.251742480317133
1342 -4.5739617750510515
1343 -3.7958105246674085
1344 -4.272931779387071
1345 -3.728863735036795
1346 -4.5739617750510515
1347 -4.5739617750510515
1348 -4.09684052033139
1349 -3.4947805290034273
1350 -4.5739617750510515
1351 -3.2729317793870707
1352 -4.5739617750510515
1353 -4.5739617750510515
1354 -4.09684052033139
1355 -4.5739617750510515
1356 -4.09684052033139
1357 -3.343512853672778
1358 -4.5739617750510515
1359 -4.5739617750510515
1360 -4.272931779387071
1361 -4.272931779387071
1362 -3.532569089892827
1363 -4.272931779387071
1364 -4.09684052033139
1365 -4.5739617750510515
1366 -2.3698417923951274
1367 -3.7958105246674085
1368 -4.09684052033139
1369 -4.5739617750510515
1370 -3.7958105246674085
1371 -4.272931779387071
1372 -4.09684052033139
1373 -3.670871788059108
1374 -4.5739617750510515
1375 -4.5739617750510515
1376 -3.728863735036795
1377 -4.5739617750510515
1378 -4.5739617750510515
1379 -4.5739617750510515
1380 -4.5739617750510515
1381 -4.5739617750510515
1382 -4.5739617750510515
1383 -4.5739617750510515
1384 -3.9719017837230894
1385 -4.5739617750510515
1386 -4.272931779387071
1387 -3.212233939033459
1388 -4.5739617750510515
1389 -4.5739617750510515
1390 -4.5739617750510515
1391 -3.4947805290034273
1392 -2.8663915989531157
1393 -3.7958105246674085
1394 -4.272931779387071
1395 -3.2315390942288458
1396 -3.728863735036795
1397 -3.4278337393728138
1398 -3.573961775051052
1399 -4.5739617750510515
1400 -4.09684052033139
1401 -4.272931779387071
1402 -4.09684052033139
1403 -4.5739617750510515
1404 -4.5739617750510515
1405 -4.09684052033139
1406 -3.874991770715033
1407 -3.728863735036795
1408 -3.343512853672778
1409 -3.532569089892827
1410 -3.1425980108920646
1411 -3.9719017837230894
1412 -3.4947805290034273
1413 -4.272931779387071
1414 -4.272931779387071
1415 -4.09684052033139
1416 -4.272931779387071
1417 -4.5739617750510515
1418 -4.5739617750510515
1419 -3.728863735036795
1420 -3.532569089892827
1421 -3.0424828580087966
1422 -4.5739617750510515
1423 -4.5739617750510515
1424 -4.5739617750510515
1425 -3.9719017837230894
1426 -3.670871788059108
1427 -4.5739617750510515
1428 -4.5739617750510515
1429 -4.5739617750510515
1430 -2.7958105246674085
1431 -4.272931779387071
1432 -4.5739617750510515
1433 -3.532569089892827
1434 -4.5739617750510515
1435 -3.874991770715033
1436 -3.005760050984057
1437 -3.532569089892827
1438 -2.578326580453502
1439 -4.09684052033139
1440 -3.670871788059108
1441 -3.7958105246674085
1442 -4.5739617750510515
1443 -4.5739617750510515
1444 -4.5739617750510515
1445 -3.193750533339446
1446 -4.272931779387071
1447 -2.9507124846531516
1448 -2.204745917640909
1449 -4.5739617750510515
1450 -4.5739617750510515
1451 -4.5739617750510515
1452 -3.670871788059108
1453 -3.619719265611727
1454 -4.5739617750510515
1455 -2.9018639171153344
1456 -3.9719017837230894
1457 -4.5739617750510515
1458 -4.5739617750510515
1459 -4.5739617750510515
1460 -3.9719017837230894
1461 -4.5739617750510515
1462 -4.5739617750510515
1463 -4.5739617750510515
1464 -4.272931779387071
1465 -4.5739617750510515
1466 -4.5739617750510515
1467 -4.09684052033139
1468 -4.5739617750510515
1469 -3.670871788059108
1470 -4.5739617750510515
1471 -3.7958105246674085
1472 -4.09684052033139
1473 -4.5739617750510515
1474 -4.272931779387071
1475 -4.272931779387071
1476 -4.5739617750510515
1477 -4.272931779387071
1478 -4.5739617750510515
1479 -4.272931779387071
1480 -4.5739617750510515
1481 -3.1760217663790145
1482 -3.532569089892827
1483 -4.5739617750510515
1484 -4.5739617750510515
1485 -3.3698417923951274
1486 -4.272931779387071
1487 -4.5739617750510515
1488 -3.318689269947746
1489 -4.5739617750510515
1490 -4.5739617750510515
1491 -4.5739617750510515
1492 -4.272931779387071
1493 -3.1589884270802338
1494 -3.619719265611727
1495 -3.874991770715033
1496 -4.09684052033139
1497 -4.5739617750510515
1498 -4.272931779387071
1499 -3.9719017837230894
1500 -3.573961775051052
1501 -4.5739617750510515
1502 -4.272931779387071
1503 -4.09684052033139
1504 -4.272931779387071
1505 -3.670871788059108
1506 -4.5739617750510515
1507 -4.5739617750510515
1508 -3.3978705159953706
1509 -4.5739617750510515
1510 -3.7958105246674085
1511 -3.7958105246674085
1512 -2.1640286517197573
1513 -4.272931779387071
1514 -4.5739617750510515
1515 -4.09684052033139
1516 -3.9719017837230894
1517 -2.644542849336759
1518 -4.272931779387071
1519 -3.619719265611727
1520 -3.728863735036795
1521 -3.3698417923951274
1522 -3.2315390942288458
1523 -3.728863735036795
1524 -3.874991770715033
1525 -3.532569089892827
1526 -4.272931779387071
1527 -4.5739617750510515
1528 -3.1425980108920646
1529 -4.272931779387071
1530 -3.573961775051052
1531 -4.5739617750510515
1532 -3.874991770715033
1533 -3.251742480317133
1534 -3.7958105246674085
1535 -4.272931779387071
1536 -3.7958105246674085
1537 -4.5739617750510515
1538 -4.5739617750510515
1539 -4.5739617750510515
1540 -2.281705703694576
1541 -4.09684052033139
1542 -4.5739617750510515
1543 -4.5739617750510515
1544 -2.9018639171153344
1545 -4.09684052033139
1546 -4.09684052033139
1547 -4.5739617750510515
1548 -4.5739617750510515
1549 -4.5739617750510515
1550 -3.7958105246674085
1551 -4.09684052033139
1552 -4.09684052033139
1553 -4.272931779387071
1554 -4.5739617750510515
1555 -4.5739617750510515
1556 -4.5739617750510515
1557 -4.272931779387071
1558 -1.5405380195641023
1559 -3.318689269947746
1560 -4.5739617750510515
1561 -4.5739617750510515
1562 -3.9719017837230894
1563 -3.728863735036795
1564 -4.5739617750510515
1565 -4.272931779387071
1566 -4.09684052033139
1567 -4.272931779387071
1568 -2.994178178434242
1569 -4.272931779387071
1570 -4.5739617750510515
1571 -2.3753046880966293
1572 -4.5739617750510515
1573 -2.8415680152280833
1574 -3.7958105246674085
1575 -3.532569089892827
1576 -4.272931779387071
1577 -3.573961775051052
1578 -4.5739617750510515
1579 -3.295208174098223
1580 -4.5739617750510515
1581 -4.5739617750510515
1582 -3.4278337393728138
1583 -4.09684052033139
1584 -2.8105337814881146
1585 -4.272931779387071
1586 -4.5739617750510515
1587 -2.6763346837606106
1588 -2.994178178434242
1589 -4.272931779387071
1590 -4.5739617750510515
1591 -4.272931779387071
1592 -4.272931779387071
1593 -4.272931779387071
1594 -4.09684052033139
1595 -3.728863735036795
1596 -3.9719017837230894
1597 -4.5739617750510515
1598 -4.09684052033139
1599 -4.5739617750510515
1600 -4.5739617750510515
1601 -2.7610484184081963
1602 -3.7958105246674085
1603 -4.5739617750510515
1604 -4.5739617750510515
1605 -3.7958105246674085
1606 -4.5739617750510515
1607 -4.5739617750510515
1608 -3.1268037437088325
1609 -3.874991770715033
1610 -4.5739617750510515
1611 -4.272931779387071
1612 -4.5739617750510515
1613 -4.5739617750510515
1614 -4.5739617750510515
1615 -4.5739617750510515
1616 -4.272931779387071
1617 -4.5739617750510515
1618 -3.874991770715033
1619 -4.5739617750510515
1620 -3.532569089892827
1621 -4.5739617750510515
1622 -3.9719017837230894
1623 -4.272931779387071
1624 -3.728863735036795
1625 -3.728863735036795
1626 -4.5739617750510515
1627 -3.0176592742837647
1628 -4.272931779387071
1629 -4.272931779387071
1630 -4.5739617750510515
1631 -4.5739617750510515
1632 -3.532569089892827
1633 -4.5739617750510515
1634 -4.09684052033139
1635 -4.5739617750510515
1636 -4.272931779387071
1637 -3.9719017837230894
1638 -4.272931779387071
1639 -4.5739617750510515
1640 -4.272931779387071
1641 -4.272931779387071
1642 -3.874991770715033
1643 -4.09684052033139
1644 -4.5739617750510515
1645 -4.5739617750510515
1646 -4.5739617750510515
1647 -3.9719017837230894
1648 -4.272931779387071
1649 -3.573961775051052
1650 -4.272931779387071
1651 -4.5739617750510515
1652 -4.5739617750510515
1653 -4.09684052033139
1654 -4.09684052033139
1655 -4.5739617750510515
1656 -4.09684052033139
1657 -4.272931779387071
1658 -2.9719017837230894
1659 -4.5739617750510515
1660 -4.272931779387071
1661 -3.670871788059108
1662 -3.670871788059108
1663 -4.5739617750510515
1664 -3.9719017837230894
1665 -4.5739617750510515
1666 -4.09684052033139
1667 -3.874991770715033
1668 -4.272931779387071
1669 -4.09684052033139
1670 -4.09684052033139
1671 -4.272931779387071
1672 -4.272931779387071
1673 -3.728863735036795
1674 -4.5739617750510515
1675 -4.5739617750510515
1676 -4.272931779387071
1677 -4.272931779387071
1678 -4.5739617750510515
1679 -4.5739617750510515
1680 -3.9719017837230894
1681 -4.5739617750510515
1682 -4.272931779387071
1683 -4.5739617750510515
1684 -4.5739617750510515
1685 -4.272931779387071
1686 -4.09684052033139
1687 -4.272931779387071
1688 -4.5739617750510515
1689 -4.5739617750510515
1690 -4.5739617750510515
1691 -4.5739617750510515
1692 -4.5739617750510515
1693 -4.09684052033139
1694 -3.0826000812167793
1695 -4.5739617750510515
1696 -4.5739617750510515
1697 -4.5739617750510515
1698 -3.874991770715033
1699 -4.09684052033139
1700 -4.5739617750510515
1701 -4.5739617750510515
1702 -4.09684052033139
1703 -4.272931779387071
1704 -3.728863735036795
1705 -4.5739617750510515
1706 -4.5739617750510515
1707 -4.5739617750510515
1708 -4.5739617750510515
1709 -4.272931779387071
1710 -4.272931779387071
1711 -4.5739617750510515
1712 -4.272931779387071
1713 -4.5739617750510515
1714 -4.5739617750510515
1715 -4.09684052033139
1716 -4.5739617750510515
1717 -4.272931779387071
1718 -4.5739617750510515
1719 -4.5739617750510515
1720 -3.728863735036795
1721 -4.272931779387071
1722 -4.5739617750510515
1723 -3.9719017837230894
1724 -4.09684052033139
1725 -4.5739617750510515
1726 -3.874991770715033
1727 -4.5739617750510515
1728 -4.272931779387071
1729 -4.5739617750510515
1730 -4.5739617750510515
1731 -4.272931779387071
1732 -4.5739617750510515
1733 -4.5739617750510515
1734 -4.272931779387071
1735 -3.874991770715033
1736 -4.5739617750510515
1737 -4.5739617750510515
1738 -4.09684052033139
1739 -4.09684052033139
1740 -3.9719017837230894
1741 -4.272931779387071
1742 -4.272931779387071
1743 -3.7958105246674085
1744 -3.3978705159953706
1745 -4.5739617750510515
1746 -4.5739617750510515
1747 -4.5739617750510515
1748 -4.272931779387071
1749 -4.272931779387071
1750 -4.5739617750510515
1751 -4.5739617750510515
1752 -4.5739617750510515
1753 -3.619719265611727
1754 -3.670871788059108
1755 -4.272931779387071
1756 -4.5739617750510515
1757 -4.5739617750510515
1758 -3.9719017837230894
1759 -4.5739617750510515
1760 -4.5739617750510515
1761 -4.272931779387071
1762 -4.5739617750510515
1763 -3.4947805290034273
1764 -4.5739617750510515
1765 -4.09684052033139
1766 -4.5739617750510515
1767 -4.272931779387071
1768 -4.5739617750510515
1769 -3.9719017837230894
1770 -4.5739617750510515
1771 -3.318689269947746
1772 -4.5739617750510515
1773 -4.09684052033139
1774 -4.5739617750510515
1775 -4.5739617750510515
1776 -3.9719017837230894
1777 -4.5739617750510515
1778 -4.09684052033139
1779 -4.5739617750510515
1780 -4.5739617750510515
1781 -2.2476259141223007
1782 -3.670871788059108
1783 -4.5739617750510515
1784 -3.670871788059108
1785 -4.5739617750510515
1786 -4.5739617750510515
1787 -4.5739617750510515
1788 -1.9930367993754325
1789 -3.573961775051052
1790 -4.5739617750510515
1791 -4.5739617750510515
1792 -4.5739617750510515
1793 -3.2729317793870707
1794 -4.5739617750510515
1795 -4.09684052033139
1796 -3.619719265611727
1797 -3.9719017837230894
1798 -4.5739617750510515
1799 -4.5739617750510515
1800 -3.9719017837230894
1801 -2.911203943369478
1802 -3.318689269947746
1803 -2.7610484184081963
1804 -4.5739617750510515
1805 -4.5739617750510515
1806 -4.5739617750510515
1807 -4.5739617750510515
1808 -4.5739617750510515
1809 -3.874991770715033
1810 -3.728863735036795
1811 -3.9719017837230894
1812 -4.5739617750510515
1813 -4.5739617750510515
1814 -4.5739617750510515
1815 -3.460018422744215
1816 -4.5739617750510515
1817 -4.5739617750510515
1818 -3.0968405203313893
1819 -2.849685905450263
1820 -4.5739617750510515
1821 -3.7958105246674085
1822 -4.272931779387071
1823 -4.5739617750510515
1824 -4.5739617750510515
1825 -3.670871788059108
1826 -4.272931779387071
1827 -4.5739617750510515
1828 -4.09684052033139
1829 -3.619719265611727
1830 -3.0424828580087966
1831 -4.272931779387071
1832 -4.09684052033139
1833 -4.5739617750510515
1834 -4.5739617750510515
1835 -3.874991770715033
1836 -2.994178178434242
1837 -3.0424828580087966
1838 -3.670871788059108
1839 -3.7958105246674085
1840 -3.251742480317133
1841 -2.9611779183313165
1842 -4.272931779387071
1843 -4.272931779387071
1844 -4.5739617750510515
1845 -4.272931779387071
1846 -3.9719017837230894
1847 -4.09684052033139
1848 -4.5739617750510515
1849 -4.5739617750510515
1850 -2.133052692985834
1851 -4.5739617750510515
1852 -4.5739617750510515
1853 -2.424742662395672
1854 -4.272931779387071
1855 -4.272931779387071
1856 -4.5739617750510515
1857 -4.272931779387071
1858 -4.5739617750510515
1859 -4.5739617750510515
1860 -3.4278337393728138
1861 -4.5739617750510515
1862 -4.09684052033139
1863 -4.272931779387071
1864 -4.5739617750510515
1865 -4.5739617750510515
1866 -4.5739617750510515
1867 -4.5739617750510515
1868 -4.5739617750510515
1869 -4.5739617750510515
1870 -4.09684052033139
1871 -3.318689269947746
1872 -3.9719017837230894
1873 -4.5739617750510515
1874 -4.09684052033139
1875 -3.7958105246674085
1876 -4.5739617750510515
1877 -4.272931779387071
1878 -4.5739617750510515
1879 -4.5739617750510515
1880 -4.272931779387071
1881 -4.5739617750510515
1882 -4.272931779387071
1883 -3.460018422744215
1884 -4.272931779387071
1885 -4.5739617750510515
1886 -3.573961775051052
1887 -4.09684052033139
1888 -4.272931779387071
1889 -4.272931779387071
1890 -4.5739617750510515
1891 -4.5739617750510515
1892 -3.251742480317133
1893 -4.5739617750510515
1894 -3.7958105246674085
1895 -4.5739617750510515
1896 -4.272931779387071
1897 -3.9719017837230894
1898 -4.272931779387071
1899 -4.272931779387071
1900 -4.272931779387071
1901 -4.5739617750510515
1902 -4.09684052033139
1903 -4.272931779387071
1904 -3.619719265611727
1905 -4.09684052033139
1906 -4.272931779387071
1907 -3.7958105246674085
1908 -4.272931779387071
1909 -4.272931779387071
1910 -4.09684052033139
1911 -4.5739617750510515
1912 -4.272931779387071
1913 -4.272931779387071
1914 -4.5739617750510515
1915 -4.272931779387071
1916 -3.874991770715033
1917 -3.0298937307007763
1918 -4.5739617750510515
1919 -4.5739617750510515
1920 -4.09684052033139
1921 -3.9719017837230894
1922 -3.670871788059108
1923 -4.5739617750510515
1924 -4.5739617750510515
1925 -3.9719017837230894
1926 -2.480540089888817
1927 -4.5739617750510515
1928 -2.5247437523808705
1929 -4.09684052033139
1930 -3.728863735036795
1931 -4.5739617750510515
1932 -4.09684052033139
1933 -4.09684052033139
1934 -4.272931779387071
1935 -3.532569089892827
1936 -3.619719265611727
1937 -3.7958105246674085
1938 -4.5739617750510515
1939 -4.5739617750510515
1940 -4.5739617750510515
1941 -4.5739617750510515
1942 -4.272931779387071
1943 -3.573961775051052
1944 -4.5739617750510515
1945 -4.5739617750510515
1946 -3.874991770715033
1947 -4.09684052033139
1948 -4.5739617750510515
1949 -4.272931779387071
1950 -4.272931779387071
1951 -3.9719017837230894
1952 -4.5739617750510515
1953 -4.272931779387071
1954 -4.5739617750510515
1955 -4.272931779387071
1956 -3.1760217663790145
1957 -3.7958105246674085
1958 -4.5739617750510515
1959 -3.7958105246674085
1960 -3.9719017837230894
1961 -4.5739617750510515
1962 -4.5739617750510515
1963 -4.272931779387071
1964 -4.272931779387071
1965 -4.272931779387071
1966 -3.874991770715033
1967 -4.5739617750510515
1968 -4.5739617750510515
1969 -4.5739617750510515
1970 -3.9719017837230894
1971 -3.670871788059108
1972 -4.272931779387071
1973 -4.272931779387071
1974 -4.5739617750510515
1975 -4.5739617750510515
1976 -3.728863735036795
1977 -3.619719265611727
1978 -4.272931779387071
1979 -3.4278337393728138
1980 -4.5739617750510515
1981 -4.09684052033139
1982 -4.272931779387071
1983 -4.5739617750510515
1984 -4.5739617750510515
1985 -4.5739617750510515
1986 -4.5739617750510515
1987 -3.874991770715033
1988 -4.272931779387071
1989 -4.272931779387071
1990 -4.5739617750510515
1991 -4.272931779387071
1992 -4.5739617750510515
1993 -4.272931779387071
1994 -4.272931779387071
1995 -4.272931779387071
1996 -4.272931779387071
1997 -4.272931779387071
1998 -4.09684052033139
1999 -4.09684052033139
2000 -4.5739617750510515
2001 -4.09684052033139
2002 -4.5739617750510515
2003 -4.5739617750510515
2004 -3.728863735036795
2005 -4.5739617750510515
2006 -4.5739617750510515
2007 -3.7958105246674085
2008 -4.09684052033139
2009 -4.5739617750510515
2010 -3.874991770715033
2011 -4.5739617750510515
2012 -4.5739617750510515
2013 -3.460018422744215
2014 -3.874991770715033
2015 -4.5739617750510515
2016 -3.9719017837230894
2017 -4.5739617750510515
2018 -3.874991770715033
2019 -3.874991770715033
2020 -4.5739617750510515
2021 -4.5739617750510515
2022 -3.0298937307007763
2023 -3.343512853672778
2024 -3.874991770715033
2025 -4.5739617750510515
2026 -4.272931779387071
2027 -3.9719017837230894
2028 -4.5739617750510515
2029 -3.4947805290034273
2030 -4.5739617750510515
2031 -3.343512853672778
2032 -4.09684052033139
2033 -4.5739617750510515
2034 -3.295208174098223
2035 -4.09684052033139
2036 -4.09684052033139
2037 -4.5739617750510515
2038 -3.4947805290034273
2039 -1.9517477520847566
2040 -1.288404466043278
2041 -2.480540089888817
2042 -4.09684052033139
2043 -2.3309237263647575
2044 -3.4947805290034273
2045 -3.1425980108920646
2046 -2.5696404012684093
2047 -4.5739617750510515
2048 -3.0968405203313893
2049 -3.619719265611727
2050 -3.4947805290034273
2051 -4.272931779387071
2052 -2.7958105246674085
2053 -2.275108698641345
2054 -4.5739617750510515
2055 -3.670871788059108
2056 -4.09684052033139
2057 -3.0298937307007763
2058 -3.3978705159953706
2059 -4.5739617750510515
2060 -3.670871788059108
2061 -4.5739617750510515
2062 -4.5739617750510515
2063 -3.532569089892827
2064 -2.600833921451353
2065 -4.5739617750510515
2066 -3.728863735036795
2067 -4.5739617750510515
2068 -3.728863735036795
2069 -4.09684052033139
2070 -3.9719017837230894
2071 -4.5739617750510515
2072 -4.5739617750510515
2073 -4.5739617750510515
2074 -4.272931779387071
2075 -3.1268037437088325
2076 -4.09684052033139
2077 -4.09684052033139
2078 -3.874991770715033
2079 -4.5739617750510515
2080 -3.7958105246674085
2081 -4.5739617750510515
2082 -3.295208174098223
2083 -3.7958105246674085
2084 -4.5739617750510515
2085 -1.598989780752983
2086 -3.3978705159953706
2087 -4.272931779387071
2088 -3.9719017837230894
2089 -3.1268037437088325
2090 -4.5739617750510515
2091 -4.272931779387071
2092 -4.5739617750510515
2093 -2.7746212255974703
2094 -4.09684052033139
2095 -4.5739617750510515
2096 -4.5739617750510515
2097 -4.272931779387071
2098 -4.09684052033139
2099 -4.5739617750510515
2100 -3.3978705159953706
2101 -4.09684052033139
2102 -4.5739617750510515
2103 -4.09684052033139
2104 -4.5739617750510515
2105 -4.5739617750510515
2106 -4.5739617750510515
2107 -4.5739617750510515
2108 -3.4278337393728138
2109 -4.5739617750510515
2110 -4.5739617750510515
2111 -4.272931779387071
2112 -4.5739617750510515
2113 -4.272931779387071
2114 -4.272931779387071
2115 -4.272931779387071
2116 -3.9719017837230894
2117 -4.272931779387071
2118 -4.09684052033139
2119 -3.874991770715033
2120 -4.5739617750510515
2121 -3.874991770715033
2122 -4.5739617750510515
2123 -3.728863735036795
2124 -4.5739617750510515
2125 -4.272931779387071
2126 -2.994178178434242
2127 -4.272931779387071
2128 -4.272931779387071
2129 -4.5739617750510515
2130 -3.4947805290034273
2131 -4.5739617750510515
2132 -4.5739617750510515
2133 -4.5739617750510515
2134 -4.5739617750510515
2135 -3.3698417923951274
2136 -2.5527724759811137
2137 -4.5739617750510515
2138 -2.670871788059108
2139 -4.5739617750510515
2140 -4.272931779387071
2141 -4.272931779387071
2142 -4.09684052033139
2143 -4.09684052033139
2144 -3.7958105246674085
2145 -4.5739617750510515
2146 -3.3978705159953706
2147 -4.5739617750510515
2148 -4.5739617750510515
2149 -3.9719017837230894
2150 -4.5739617750510515
2151 -4.5739617750510515
2152 -4.5739617750510515
2153 -4.272931779387071
2154 -4.5739617750510515
2155 -4.5739617750510515
2156 -4.5739617750510515
2157 -3.2729317793870707
2158 -4.5739617750510515
2159 -4.272931779387071
2160 -4.272931779387071
2161 -3.9719017837230894
2162 -4.272931779387071
2163 -4.5739617750510515
2164 -4.09684052033139
2165 -4.09684052033139
2166 -4.5739617750510515
2167 -4.272931779387071
2168 -4.5739617750510515
2169 -4.5739617750510515
2170 -4.5739617750510515
2171 -4.5739617750510515
2172 -3.874991770715033
2173 -2.169128058431114
2174 -4.272931779387071
2175 -4.09684052033139
2176 -4.5739617750510515
2177 -3.193750533339446
2178 -3.9719017837230894
2179 -3.212233939033459
2180 -4.09684052033139
2181 -3.0424828580087966
2182 -4.5739617750510515
2183 -2.6931481827702606
2184 -4.5739617750510515
2185 -4.272931779387071
2186 -4.5739617750510515
2187 -4.5739617750510515
2188 -4.272931779387071
2189 -4.5739617750510515
2190 -4.09684052033139
2191 -4.5739617750510515
2192 -2.982897168024553
2193 -4.272931779387071
2194 -2.610173947705497
2195 -3.4947805290034273
2196 -2.463372064751803
2197 -4.272931779387071
2198 -4.5739617750510515
2199 -4.5739617750510515
2200 -3.532569089892827
2201 -3.9719017837230894
2202 -4.5739617750510515
2203 -2.6294791029008833
2204 -4.5739617750510515
2205 -3.193750533339446
2206 -4.5739617750510515
2207 -3.7958105246674085
2208 -4.5739617750510515
2209 -3.728863735036795
2210 -2.3921181871062793
2211 -4.5739617750510515
2212 -4.09684052033139
2213 -3.4278337393728138
2214 -3.670871788059108
2215 -3.251742480317133
2216 -4.272931779387071
2217 -3.4278337393728138
2218 -3.532569089892827
2219 -3.874991770715033
2220 -4.272931779387071
2221 -4.272931779387071
2222 -4.5739617750510515
2223 -2.665476756172402
2224 -4.5739617750510515
2225 -3.7958105246674085
2226 -2.3564778308371457
2227 -4.272931779387071
2228 -4.272931779387071
2229 -4.09684052033139
2230 -4.272931779387071
2231 -3.573961775051052
2232 -4.5739617750510515
2233 -4.5739617750510515
2234 -3.9719017837230894
2235 -4.5739617750510515
2236 -2.2103497951589075
2237 -3.9719017837230894
2238 -4.5739617750510515
2239 -3.670871788059108
2240 -3.7958105246674085
2241 -3.874991770715033
2242 -4.5739617750510515
2243 -3.318689269947746
2244 -4.5739617750510515
2245 -3.4947805290034273
2246 -3.728863735036795
2247 -4.5739617750510515
2248 -3.9719017837230894
2249 -4.5739617750510515
2250 -4.5739617750510515
2251 -3.9719017837230894
2252 -3.7958105246674085
2253 -3.460018422744215
2254 -3.9719017837230894
2255 -4.5739617750510515
2256 -4.5739617750510515
2257 -4.5739617750510515
2258 -4.272931779387071
2259 -4.5739617750510515
2260 -3.728863735036795
2261 -4.5739617750510515
2262 -4.5739617750510515
2263 -4.5739617750510515
2264 -4.5739617750510515
2265 -4.5739617750510515
2266 -3.874991770715033
2267 -3.619719265611727
2268 -4.5739617750510515
2269 -2.6344425224324333
2270 -4.272931779387071
2271 -3.0968405203313893
2272 -4.272931779387071
2273 -4.5739617750510515
2274 -4.09684052033139
2275 -4.5739617750510515
2276 -4.5739617750510515
2277 -1.8097856426607213
2278 -3.670871788059108
2279 -3.532569089892827
2280 -3.670871788059108
2281 -2.1056144446388947
2282 -3.9719017837230894
2283 -4.09684052033139
2284 -4.09684052033139
2285 -4.272931779387071
2286 -2.2295695013659413
