1 -4.369178736637275
2 -3.8920574819176124
3 -3.8920574819176124
4 -1.1041249481332602
5 -1.5509528430233195
6 -1.8434862121322642
7 -1.88773610813497
8 -1.484666577446881
9 -1.484666577446881
10 -2.497022463888982
11 -4.670208732301256
12 -3.7671187453093125
13 -4.670208732301256
14 -4.670208732301256
15 -4.670208732301256
16 -4.670208732301256
17 -3.2899974905896503
18 -2.5431039339364485
19 -2.906780738738319
20 -4.670208732301256
21 -4.369178736637275
22 -3.7671187453093125
23 -3.41493622719795
24 -4.670208732301256
25 -4.193087477581594
26 -4.193087477581594
27 -4.369178736637275
28 -3.8251106922869993
29 -4.670208732301256
30 -4.670208732301256
31 -4.670208732301256
32 -4.670208732301256
33 -4.670208732301256
34 -3.8920574819176124
35 -4.670208732301256
36 -4.670208732301256
37 -4.670208732301256
38 -4.369178736637275
39 -4.369178736637275
40 -4.670208732301256
41 -4.670208732301256
42 -4.193087477581594
43 -4.193087477581594
44 -4.369178736637275
45 -3.7159662228619315
46 -4.670208732301256
47 -2.6367849768143063
48 -4.369178736637275
49 -4.670208732301256
50 -4.670208732301256
51 -4.193087477581594
52 -4.670208732301256
53 -4.670208732301256
54 -4.670208732301256
55 -4.670208732301256
56 -4.670208732301256
57 -4.670208732301256
58 -4.369178736637275
59 -4.369178736637275
60 -4.670208732301256
61 -4.670208732301256
62 -3.8920574819176124
63 -4.670208732301256
64 -4.670208732301256
65 -4.193087477581594
66 -4.670208732301256
67 -4.068148740973294
68 -4.670208732301256
69 -4.670208732301256
70 -4.369178736637275
71 -4.670208732301256
72 -4.369178736637275
73 -4.670208732301256
74 -4.369178736637275
75 -4.670208732301256
76 -4.369178736637275
77 -4.369178736637275
78 -3.8920574819176124
79 -4.193087477581594
80 -3.670208732301256
81 -4.670208732301256
82 -4.670208732301256
83 -4.670208732301256
84 -4.670208732301256
85 -3.6288160471430313
86 -3.026756055815069
87 -4.068148740973294
88 -4.670208732301256
89 -4.670208732301256
90 -3.466088749645331
91 -4.670208732301256
92 -4.670208732301256
93 -4.670208732301256
94 -4.670208732301256
95 -4.369178736637275
96 -3.5910274862536316
97 -4.369178736637275
98 -3.7159662228619315
99 -4.670208732301256
100 -3.7159662228619315
101 -4.670208732301256
102 -4.670208732301256
103 -4.670208732301256
104 -4.193087477581594
105 -4.670208732301256
106 -4.670208732301256
107 -4.670208732301256
108 -3.8920574819176124
109 -4.369178736637275
110 -4.670208732301256
111 -4.193087477581594
112 -3.466088749645331
113 -3.9712387279652375
114 -4.369178736637275
115 -4.670208732301256
116 -4.670208732301256
117 -3.0074509006196823
118 -4.193087477581594
119 -3.8251106922869993
120 -4.670208732301256
121 -4.670208732301256
122 -4.670208732301256
123 -4.670208732301256
124 -4.670208732301256
125 -4.670208732301256
126 -4.193087477581594
127 -3.9712387279652375
128 -4.670208732301256
129 -4.670208732301256
130 -4.670208732301256
131 -4.670208732301256
132 -3.9712387279652375
133 -4.670208732301256
134 -4.193087477581594
135 -4.369178736637275
136 -4.068148740973294
137 -4.670208732301256
138 -4.670208732301256
139 -4.193087477581594
140 -4.670208732301256
141 -3.7671187453093125
142 -4.670208732301256
143 -4.670208732301256
144 -4.193087477581594
145 -4.068148740973294
146 -4.193087477581594
147 -4.670208732301256
148 -4.369178736637275
149 -4.193087477581594
150 -4.670208732301256
151 -4.670208732301256
152 -4.670208732301256
153 -3.8251106922869993
154 -4.670208732301256
155 -3.8920574819176124
156 -3.6288160471430313
157 -4.369178736637275
158 -2.7837180071287744
159 -3.8251106922869993
160 -3.5562653799944193
161 -4.670208732301256
162 -4.670208732301256
163 -4.193087477581594
164 -4.670208732301256
165 -4.670208732301256
166 -4.670208732301256
167 -4.670208732301256
168 -3.8251106922869993
169 -4.670208732301256
170 -4.369178736637275
171 -4.193087477581594
172 -4.670208732301256
173 -4.670208732301256
174 -4.670208732301256
175 -3.7159662228619315
176 -3.8920574819176124
177 -4.670208732301256
178 -4.670208732301256
179 -3.6288160471430313
180 -4.068148740973294
181 -3.5910274862536316
182 -3.9712387279652375
183 -4.670208732301256
184 -4.670208732301256
185 -2.795147468909556
186 -4.670208732301256
187 -4.670208732301256
188 -4.670208732301256
189 -4.369178736637275
190 -4.670208732301256
191 -4.369178736637275
192 -4.369178736637275
193 -4.670208732301256
194 -4.670208732301256
195 -4.670208732301256
196 -4.670208732301256
197 -4.193087477581594
198 -4.193087477581594
199 -4.670208732301256
200 -4.670208732301256
201 -3.670208732301256
202 -4.670208732301256
203 -4.369178736637275
204 -4.193087477581594
205 -4.670208732301256
206 -4.369178736637275
207 -4.369178736637275
208 -4.369178736637275
209 -4.670208732301256
210 -4.670208732301256
211 -4.670208732301256
212 -3.7671187453093125
213 -4.670208732301256
214 -4.369178736637275
215 -4.670208732301256
216 -4.670208732301256
217 -4.068148740973294
218 -4.670208732301256
219 -4.670208732301256
220 -3.8251106922869993
221 -3.6288160471430313
222 -2.3047207474103564
223 -4.369178736637275
224 -3.7159662228619315
225 -3.670208732301256
226 -4.670208732301256
227 -4.369178736637275
228 -4.670208732301256
229 -4.670208732301256
230 -3.5910274862536316
231 -4.670208732301256
232 -4.369178736637275
233 -3.670208732301256
234 -4.670208732301256
235 -3.6288160471430313
236 -4.670208732301256
237 -4.369178736637275
238 -4.670208732301256
239 -3.5562653799944193
240 -3.8920574819176124
241 -4.068148740973294
242 -4.670208732301256
243 -4.670208732301256
244 -4.670208732301256
245 -4.068148740973294
246 -4.369178736637275
247 -4.670208732301256
248 -4.670208732301256
249 -4.068148740973294
250 -4.369178736637275
251 -3.9712387279652375
252 -4.670208732301256
253 -4.670208732301256
254 -3.8920574819176124
255 -4.670208732301256
256 -3.5562653799944193
257 -4.369178736637275
258 -4.670208732301256
259 -4.670208732301256
260 -4.369178736637275
261 -3.7671187453093125
262 -4.670208732301256
263 -4.193087477581594
264 -4.670208732301256
265 -4.369178736637275
266 -4.670208732301256
267 -4.193087477581594
268 -4.068148740973294
269 -4.670208732301256
270 -4.670208732301256
271 -4.369178736637275
272 -4.670208732301256
273 -1.9935151226763896
274 -3.5910274862536316
275 -3.9712387279652375
276 -4.369178736637275
277 -4.670208732301256
278 -3.7671187453093125
279 -2.7671187453093125
280 -4.670208732301256
281 -4.670208732301256
282 -3.439759810922982
283 -4.068148740973294
284 -4.670208732301256
285 -3.046959441903356
286 -4.193087477581594
287 -4.670208732301256
288 -3.8251106922869993
289 -4.670208732301256
290 -4.193087477581594
291 -4.670208732301256
292 -4.670208732301256
293 -4.670208732301256
294 -2.4125301574320717
295 -4.670208732301256
296 -4.670208732301256
297 -4.670208732301256
298 -3.7159662228619315
299 -3.9712387279652375
300 -4.369178736637275
301 -4.670208732301256
302 -4.670208732301256
303 -4.670208732301256
304 -4.670208732301256
305 -4.670208732301256
306 -4.670208732301256
307 -4.670208732301256
308 -4.670208732301256
309 -4.193087477581594
310 -4.670208732301256
311 -4.670208732301256
312 -4.670208732301256
313 -4.670208732301256
314 -4.193087477581594
315 -4.369178736637275
316 -4.193087477581594
317 -3.9712387279652375
318 -2.4770841339467946
319 -4.670208732301256
320 -3.255235384330438
321 -4.670208732301256
322 -4.670208732301256
323 -4.193087477581594
324 -4.670208732301256
325 -4.670208732301256
326 -4.670208732301256
327 -4.670208732301256
328 -4.670208732301256
329 -4.193087477581594
330 -4.670208732301256
331 -4.670208732301256
332 -4.369178736637275
333 -4.670208732301256
334 -4.670208732301256
335 -4.670208732301256
336 -4.369178736637275
337 -4.670208732301256
338 -4.068148740973294
339 -2.439759810922982
340 -2.9378149724782876
341 -4.369178736637275
342 -3.670208732301256
343 -4.670208732301256
344 -4.670208732301256
345 -3.1650587539813504
346 -4.670208732301256
347 -4.193087477581594
348 -3.2722687236292183
349 -4.670208732301256
350 -4.670208732301256
351 -3.8920574819176124
352 -4.369178736637275
353 -4.369178736637275
354 -4.670208732301256
355 -3.1930874775815936
356 -4.068148740973294
357 -4.670208732301256
358 -4.670208732301256
359 -4.193087477581594
360 -4.670208732301256
361 -4.670208732301256
362 -3.8920574819176124
363 -4.670208732301256
364 -4.670208732301256
365 -4.670208732301256
366 -3.9712387279652375
367 -4.670208732301256
368 -4.670208732301256
369 -4.670208732301256
370 -4.670208732301256
371 -3.670208732301256
372 -4.670208732301256
373 -4.670208732301256
374 -3.6288160471430313
375 -4.670208732301256
376 -4.670208732301256
377 -4.670208732301256
378 -4.670208732301256
379 -4.670208732301256
380 -4.670208732301256
381 -4.670208732301256
382 -4.369178736637275
383 -4.670208732301256
384 -4.670208732301256
385 -4.670208732301256
386 -4.670208732301256
387 -4.670208732301256
388 -4.369178736637275
389 -3.9712387279652375
390 -4.670208732301256
391 -4.670208732301256
392 -4.670208732301256
393 -4.193087477581594
394 -4.369178736637275
395 -3.8251106922869993
396 -4.670208732301256
397 -4.670208732301256
398 -4.369178736637275
399 -4.369178736637275
400 -4.369178736637275
401 -4.670208732301256
402 -4.670208732301256
403 -4.670208732301256
404 -4.670208732301256
405 -3.524080696623018
406 -4.670208732301256
407 -4.670208732301256
408 -4.369178736637275
409 -3.466088749645331
410 -4.670208732301256
411 -4.193087477581594
412 -4.670208732301256
413 -4.193087477581594
414 -4.670208732301256
415 -4.369178736637275
416 -4.369178736637275
417 -3.9712387279652375
418 -3.0574248755815208
419 -4.670208732301256
420 -4.670208732301256
421 -3.8251106922869993
422 -3.7671187453093125
423 -4.670208732301256
424 -4.369178736637275
425 -3.9712387279652375
426 -4.670208732301256
427 -4.369178736637275
428 -3.9712387279652375
429 -4.670208732301256
430 -3.9712387279652375
431 -4.670208732301256
432 -4.670208732301256
433 -4.670208732301256
434 -3.670208732301256
435 -4.670208732301256
436 -4.670208732301256
437 -4.670208732301256
438 -4.670208732301256
439 -4.670208732301256
440 -3.9712387279652375
441 -4.670208732301256
442 -4.670208732301256
443 -3.8251106922869993
444 -4.670208732301256
445 -4.369178736637275
446 -4.670208732301256
447 -2.701725783747321
448 -4.193087477581594
449 -4.193087477581594
450 -4.670208732301256
451 -3.8251106922869993
452 -4.670208732301256
453 -4.670208732301256
454 -4.670208732301256
455 -4.670208732301256
456 -4.670208732301256
457 -4.369178736637275
458 -4.193087477581594
459 -4.369178736637275
460 -4.369178736637275
461 -3.026756055815069
462 -4.670208732301256
463 -3.1930874775815936
464 -4.193087477581594
465 -4.670208732301256
466 -4.369178736637275
467 -4.670208732301256
468 -4.193087477581594
469 -4.068148740973294
470 -3.5910274862536316
471 -3.9712387279652375
472 -4.670208732301256
473 -4.670208732301256
474 -4.670208732301256
475 -4.670208732301256
476 -4.670208732301256
477 -3.8920574819176124
478 -4.670208732301256
479 -4.369178736637275
480 -3.1020070082342612
481 -3.439759810922982
482 -4.369178736637275
483 -4.670208732301256
484 -4.670208732301256
485 -4.670208732301256
486 -3.8251106922869993
487 -3.7159662228619315
488 -4.670208732301256
489 -4.193087477581594
490 -4.670208732301256
491 -4.670208732301256
492 -4.670208732301256
493 -4.068148740973294
494 -4.670208732301256
495 -3.8251106922869993
496 -4.670208732301256
497 -3.8920574819176124
498 -4.369178736637275
499 -4.670208732301256
500 -4.369178736637275
501 -3.8251106922869993
502 -4.193087477581594
503 -4.670208732301256
504 -3.439759810922982
505 -4.670208732301256
506 -3.9712387279652375
507 -4.670208732301256
508 -3.524080696623018
509 -4.670208732301256
510 -4.670208732301256
511 -4.670208732301256
512 -4.670208732301256
513 -4.670208732301256
514 -4.670208732301256
515 -4.068148740973294
516 -4.193087477581594
517 -4.670208732301256
518 -4.193087477581594
519 -4.670208732301256
520 -4.193087477581594
521 -4.670208732301256
522 -4.193087477581594
523 -4.369178736637275
524 -3.7159662228619315
525 -4.670208732301256
526 -4.670208732301256
527 -4.670208732301256
528 -3.9712387279652375
529 -3.347989437567337
530 -4.670208732301256
531 -4.670208732301256
532 -4.369178736637275
533 -4.670208732301256
534 -4.670208732301256
535 -4.369178736637275
536 -3.9712387279652375
537 -4.369178736637275
538 -3.9712387279652375
539 -4.068148740973294
540 -3.9712387279652375
541 -4.670208732301256
542 -4.670208732301256
543 -4.670208732301256
544 -4.670208732301256
545 -4.193087477581594
546 -4.670208732301256
547 -3.7159662228619315
548 -4.670208732301256
549 -4.670208732301256
550 -3.2899974905896503
551 -4.369178736637275
552 -4.670208732301256
553 -4.068148740973294
554 -4.369178736637275
555 -4.193087477581594
556 -3.439759810922982
557 -4.068148740973294
558 -4.369178736637275
559 -4.369178736637275
560 -4.670208732301256
561 -4.193087477581594
562 -4.670208732301256
563 -4.193087477581594
564 -4.670208732301256
565 -4.670208732301256
566 -4.670208732301256
567 -4.369178736637275
568 -4.670208732301256
569 -4.369178736637275
570 -4.193087477581594
571 -4.369178736637275
572 -4.670208732301256
573 -3.494117473245575
574 -3.238844968142269
575 -4.670208732301256
576 -3.9712387279652375
577 -3.8920574819176124
578 -4.193087477581594
579 -3.7159662228619315
580 -4.193087477581594
581 -4.670208732301256
582 -4.670208732301256
583 -4.369178736637275
584 -3.369178736637275
585 -3.6288160471430313
586 -4.670208732301256
587 -4.670208732301256
588 -4.369178736637275
589 -4.369178736637275
590 -4.670208732301256
591 -4.193087477581594
592 -4.670208732301256
593 -4.369178736637275
594 -4.193087477581594
595 -3.8920574819176124
596 -4.670208732301256
597 -4.193087477581594
598 -3.8251106922869993
599 -4.670208732301256
600 -4.670208732301256
601 -3.8251106922869993
602 -4.193087477581594
603 -4.670208732301256
604 -2.140009034098174
605 -4.193087477581594
606 -4.068148740973294
607 -4.193087477581594
608 -4.369178736637275
609 -3.6288160471430313
610 -3.6288160471430313
611 -3.8251106922869993
612 -4.670208732301256
613 -4.068148740973294
614 -4.670208732301256
615 -4.369178736637275
616 -3.1650587539813504
617 -4.670208732301256
618 -4.670208732301256
619 -4.670208732301256
620 -4.670208732301256
621 -4.369178736637275
622 -4.369178736637275
623 -4.068148740973294
624 -3.7159662228619315
625 -2.6408249546160465
626 -4.068148740973294
627 -4.670208732301256
628 -3.0169962185259123
629 -3.308480896283663
630 -3.670208732301256
631 -4.670208732301256
632 -3.7671187453093125
633 -3.5910274862536316
634 -2.2810426479367236
635 -4.670208732301256
636 -4.068148740973294
637 -4.670208732301256
638 -2.7459294462393746
639 -3.5562653799944193
640 -4.670208732301256
641 -4.670208732301256
642 -3.0367402767216696
643 -3.32778605147905
644 -2.789395140020465
645 -1.2849600498980362
646 -3.670208732301256
647 -4.068148740973294
648 -3.9712387279652375
649 -4.193087477581594
650 -4.670208732301256
651 -4.670208732301256
652 -3.439759810922982
653 -4.193087477581594
654 -3.439759810922982
655 -3.308480896283663
656 -4.670208732301256
657 -4.369178736637275
658 -3.670208732301256
659 -4.670208732301256
660 -4.670208732301256
661 -4.068148740973294
662 -4.670208732301256
663 -4.670208732301256
664 -4.670208732301256
665 -2.4912317850080865
666 -3.7671187453093125
667 -3.255235384330438
668 -4.670208732301256
669 -4.670208732301256
670 -4.670208732301256
671 -3.7671187453093125
672 -4.670208732301256
673 -4.670208732301256
674 -2.6171302888178363
675 -4.670208732301256
676 -4.670208732301256
677 -4.670208732301256
678 -4.670208732301256
679 -3.7159662228619315
680 -4.670208732301256
681 -3.8920574819176124
682 -4.670208732301256
683 -3.494117473245575
684 -4.670208732301256
685 -4.670208732301256
686 -2.945932862700467
687 -4.670208732301256
688 -4.193087477581594
689 -4.670208732301256
690 -4.670208732301256
691 -3.079144125274757
692 -4.068148740973294
693 -3.9712387279652375
694 -4.193087477581594
695 -4.193087477581594
696 -4.369178736637275
697 -4.670208732301256
698 -4.670208732301256
699 -4.670208732301256
700 -3.8920574819176124
701 -4.670208732301256
702 -4.369178736637275
703 -4.369178736637275
704 -4.670208732301256
705 -4.193087477581594
706 -4.369178736637275
707 -4.369178736637275
708 -4.670208732301256
709 -4.670208732301256
710 -2.265375015681318
711 -3.5562653799944193
712 -3.9712387279652375
713 -3.369178736637275
714 -3.8920574819176124
715 -4.670208732301256
716 -3.5910274862536316
717 -2.9378149724782876
718 -3.7159662228619315
719 -4.068148740973294
720 -3.6288160471430313
721 -4.068148740973294
722 -4.670208732301256
723 -2.7111673399801623
724 -3.8920574819176124
725 -2.8441339296004298
726 -4.369178736637275
727 -4.670208732301256
728 -3.9712387279652375
729 -4.670208732301256
730 -4.369178736637275
731 -3.9712387279652375
732 -3.8920574819176124
733 -2.8572953756584005
734 -3.7671187453093125
735 -4.369178736637275
736 -4.670208732301256
737 -4.670208732301256
738 -4.670208732301256
739 -4.193087477581594
740 -4.369178736637275
741 -4.369178736637275
742 -4.193087477581594
743 -4.670208732301256
744 -4.670208732301256
745 -3.1261406879509805
746 -4.193087477581594
747 -4.670208732301256
748 -4.670208732301256
749 -4.193087477581594
750 -4.670208732301256
751 -3.8920574819176124
752 -4.670208732301256
753 -4.670208732301256
754 -4.369178736637275
755 -4.670208732301256
756 -4.193087477581594
757 -3.347989437567337
758 -3.0169962185259123
759 -4.670208732301256
760 -3.5562653799944193
761 -3.9712387279652375
762 -4.670208732301256
763 -3.6288160471430313
764 -4.670208732301256
765 -4.670208732301256
766 -4.670208732301256
767 -4.369178736637275
768 -4.369178736637275
769 -4.670208732301256
770 -4.670208732301256
771 -4.369178736637275
772 -4.369178736637275
773 -2.9220207052950555
774 -3.1516947924233687
775 -4.670208732301256
776 -3.2078107344023
777 -4.193087477581594
778 -4.369178736637275
779 -3.5910274862536316
780 -3.7159662228619315
781 -3.6288160471430313
782 -3.466088749645331
783 -4.193087477581594
784 -4.670208732301256
785 -4.670208732301256
786 -3.9712387279652375
787 -4.193087477581594
788 -4.670208732301256
789 -4.670208732301256
790 -3.2722687236292183
791 -4.369178736637275
792 -4.369178736637275
793 -4.670208732301256
794 -4.670208732301256
795 -4.670208732301256
796 -4.068148740973294
797 -4.670208732301256
798 -4.670208732301256
799 -4.369178736637275
800 -4.670208732301256
801 -3.0681487409732937
802 -4.670208732301256
803 -4.193087477581594
804 -4.670208732301256
805 -2.701725783747321
806 -2.7671187453093125
807 -2.8920574819176124
808 -4.068148740973294
809 -4.369178736637275
810 -4.670208732301256
811 -4.369178736637275
812 -3.6288160471430313
813 -4.670208732301256
814 -4.670208732301256
815 -4.670208732301256
816 -4.670208732301256
817 -3.8920574819176124
818 -3.5562653799944193
819 -4.369178736637275
820 -4.670208732301256
821 -3.7671187453093125
822 -3.494117473245575
823 -4.670208732301256
824 -2.8506647967593874
825 -3.7671187453093125
826 -4.670208732301256
827 -4.670208732301256
828 -4.670208732301256
829 -3.5910274862536316
830 -2.7671187453093125
831 -4.670208732301256
832 -4.369178736637275
833 -3.7671187453093125
834 -2.6789826566087616
835 -2.417355701321363
836 -4.369178736637275
837 -3.308480896283663
838 -3.3914551313484274
839 -3.7159662228619315
840 -4.369178736637275
841 -4.670208732301256
842 -4.670208732301256
843 -4.068148740973294
844 -3.7159662228619315
845 -3.8251106922869993
846 -4.670208732301256
847 -2.945932862700467
848 -4.369178736637275
849 -4.670208732301256
850 -4.068148740973294
851 -3.6288160471430313
852 -4.670208732301256
853 -4.670208732301256
854 -4.068148740973294
855 -3.9712387279652375
856 -4.670208732301256
857 -4.670208732301256
858 -4.670208732301256
859 -4.193087477581594
860 -4.369178736637275
861 -4.369178736637275
862 -4.068148740973294
863 -4.369178736637275
864 -4.670208732301256
865 -4.670208732301256
866 -3.524080696623018
867 -3.439759810922982
868 -4.670208732301256
869 -2.8708681828476745
870 -4.369178736637275
871 -4.369178736637275
872 -4.670208732301256
873 -3.494117473245575
874 -3.7159662228619315
875 -3.0574248755815208
876 -3.8251106922869993
877 -4.068148740973294
878 -4.369178736637275
879 -4.670208732301256
880 -4.068148740973294
881 -4.670208732301256
882 -4.068148740973294
883 -4.670208732301256
884 -3.7671187453093125
885 -4.670208732301256
886 -4.670208732301256
887 -4.670208732301256
888 -4.193087477581594
889 -4.670208732301256
890 -4.670208732301256
891 -2.8189503835821808
892 -3.8920574819176124
893 -4.068148740973294
894 -4.068148740973294
895 -4.369178736637275
896 -4.193087477581594
897 -3.41493622719795
898 -4.670208732301256
899 -4.670208732301256
900 -4.670208732301256
901 -4.670208732301256
902 -4.369178736637275
903 -4.670208732301256
904 -3.9712387279652375
905 -4.670208732301256
906 -3.8920574819176124
907 -4.670208732301256
908 -4.369178736637275
909 -4.670208732301256
910 -4.193087477581594
911 -3.32778605147905
912 -4.670208732301256
913 -3.8920574819176124
914 -4.193087477581594
915 -4.670208732301256
916 -4.670208732301256
917 -4.369178736637275
918 -4.193087477581594
919 -4.670208732301256
920 -4.670208732301256
921 -4.193087477581594
922 -4.670208732301256
923 -4.193087477581594
924 -4.670208732301256
925 -4.670208732301256
926 -3.439759810922982
927 -4.369178736637275
928 -4.670208732301256
929 -4.670208732301256
930 -4.670208732301256
931 -4.670208732301256
932 -3.6288160471430313
933 -4.193087477581594
934 -4.068148740973294
935 -4.068148740973294
936 -3.466088749645331
937 -3.255235384330438
938 -3.8251106922869993
939 -4.369178736637275
940 -3.5910274862536316
941 -3.6288160471430313
942 -3.7671187453093125
943 -3.7159662228619315
944 -3.7671187453093125
945 -3.8251106922869993
946 -4.670208732301256
947 -4.670208732301256
948 -4.670208732301256
949 -4.670208732301256
950 -4.068148740973294
951 -4.670208732301256
952 -4.068148740973294
953 -4.670208732301256
954 -3.670208732301256
955 -4.670208732301256
956 -4.068148740973294
957 -3.9712387279652375
958 -4.369178736637275
959 -4.670208732301256
960 -4.369178736637275
961 -4.670208732301256
962 -4.670208732301256
963 -3.7159662228619315
964 -4.670208732301256
965 -4.670208732301256
966 -3.9712387279652375
967 -4.369178736637275
968 -2.9800126522727424
969 -2.884878897290489
970 -2.80097701257028
971 -2.8708681828476745
972 -3.5910274862536316
973 -3.8920574819176124
974 -4.193087477581594
975 -4.369178736637275
976 -3.7671187453093125
977 -4.670208732301256
978 -4.670208732301256
979 -4.670208732301256
980 -4.670208732301256
981 -4.670208732301256
982 -4.670208732301256
983 -4.670208732301256
984 -3.8920574819176124
985 -4.670208732301256
986 -3.9712387279652375
987 -4.670208732301256
988 -4.068148740973294
989 -4.670208732301256
990 -3.9712387279652375
991 -4.670208732301256
992 -4.369178736637275
993 -3.5910274862536316
994 -4.670208732301256
995 -4.670208732301256
996 -4.670208732301256
997 -4.369178736637275
998 -4.670208732301256
999 -4.670208732301256
1000 -4.193087477581594
1001 -4.670208732301256
1002 -3.494117473245575
1003 -3.9712387279652375
1004 -4.670208732301256
1005 -3.9712387279652375
1006 -4.369178736637275
1007 -2.8572953756584005
1008 -3.238844968142269
1009 -3.1516947924233687
1010 -3.6288160471430313
1011 -4.670208732301256
1012 -4.369178736637275
1013 -4.670208732301256
1014 -4.670208732301256
1015 -4.670208732301256
1016 -4.670208732301256
1017 -4.670208732301256
1018 -4.369178736637275
1019 -4.670208732301256
1020 -4.369178736637275
1021 -4.369178736637275
1022 -4.670208732301256
1023 -3.9712387279652375
1024 -3.670208732301256
1025 -4.670208732301256
1026 -4.670208732301256
1027 -2.9712387279652375
1028 -4.670208732301256
1029 -4.068148740973294
1030 -4.369178736637275
1031 -4.068148740973294
1032 -3.113906231533969
1033 -3.5910274862536316
1034 -4.369178736637275
1035 -4.670208732301256
1036 -4.670208732301256
1037 -3.9712387279652375
1038 -2.8920574819176124
1039 -4.369178736637275
1040 -4.068148740973294
1041 -3.8920574819176124
1042 -4.670208732301256
1043 -4.670208732301256
1044 -3.2078107344023
1045 -3.524080696623018
1046 -4.670208732301256
1047 -4.068148740973294
1048 -4.369178736637275
1049 -4.670208732301256
1050 -3.8920574819176124
1051 -4.193087477581594
1052 -3.347989437567337
1053 -4.369178736637275
1054 -4.670208732301256
1055 -4.670208732301256
1056 -4.670208732301256
1057 -3.8920574819176124
1058 -4.670208732301256
1059 -4.670208732301256
1060 -4.068148740973294
1061 -3.238844968142269
1062 -3.6288160471430313
1063 -4.369178736637275
1064 -3.7671187453093125
1065 -3.2722687236292183
1066 -3.1930874775815936
1067 -4.193087477581594
1068 -3.8251106922869993
1069 -3.8251106922869993
1070 -4.193087477581594
1071 -4.670208732301256
1072 -3.524080696623018
1073 -2.5910274862536316
1074 -3.524080696623018
1075 -4.193087477581594
1076 -2.9712387279652375
1077 -3.7159662228619315
1078 -4.670208732301256
1079 -3.670208732301256
1080 -4.670208732301256
1081 -4.193087477581594
1082 -4.369178736637275
1083 -4.068148740973294
1084 -4.369178736637275
1085 -4.369178736637275
1086 -4.369178736637275
1087 -4.670208732301256
1088 -4.193087477581594
1089 -4.193087477581594
1090 -4.369178736637275
1091 -4.193087477581594
1092 -3.7159662228619315
1093 -4.193087477581594
1094 -4.670208732301256
1095 -4.670208732301256
1096 -4.193087477581594
1097 -4.670208732301256
1098 -4.670208732301256
1099 -3.9712387279652375
1100 -4.670208732301256
1101 -3.9712387279652375
1102 -4.670208732301256
1103 -4.193087477581594
1104 -4.193087477581594
1105 -4.670208732301256
1106 -4.670208732301256
1107 -3.9712387279652375
1108 -4.670208732301256
1109 -4.670208732301256
1110 -3.8920574819176124
1111 -4.369178736637275
1112 -3.223050700959037
1113 -3.670208732301256
1114 -4.670208732301256
1115 -4.068148740973294
1116 -3.7671187453093125
1117 -2.7257260601510875
1118 -3.41493622719795
1119 -4.193087477581594
1120 -4.369178736637275
1121 -4.193087477581594
1122 -3.7671187453093125
1123 -4.670208732301256
1124 -4.369178736637275
1125 -3.8251106922869993
1126 -4.670208732301256
1127 -4.670208732301256
1128 -4.670208732301256
1129 -3.079144125274757
1130 -2.9800126522727424
1131 -4.068148740973294
1132 -4.670208732301256
1133 -4.369178736637275
1134 -4.670208732301256
1135 -4.369178736637275
1136 -4.369178736637275
1137 -3.9712387279652375
1138 -4.068148740973294
1139 -4.670208732301256
1140 -4.670208732301256
1141 -4.670208732301256
1142 -3.7159662228619315
1143 -3.2899974905896503
1144 -4.670208732301256
1145 -4.193087477581594
1146 -4.670208732301256
1147 -4.670208732301256
1148 -4.670208732301256
1149 -3.8251106922869993
1150 -2.367012674880767
1151 -3.670208732301256
1152 -4.369178736637275
1153 -4.670208732301256
1154 -4.193087477581594
1155 -3.6288160471430313
1156 -3.5910274862536316
1157 -4.369178736637275
1158 -3.9712387279652375
1159 -3.8920574819176124
1160 -4.670208732301256
1161 -4.670208732301256
1162 -3.8920574819176124
1163 -4.670208732301256
1164 -4.369178736637275
1165 -3.8251106922869993
1166 -3.5910274862536316
1167 -4.670208732301256
1168 -4.670208732301256
1169 -3.5910274862536316
1170 -3.9712387279652375
1171 -4.193087477581594
1172 -3.9712387279652375
1173 -3.0074509006196823
1174 -4.670208732301256
1175 -4.369178736637275
1176 -3.9712387279652375
1177 -3.7159662228619315
1178 -4.670208732301256
1179 -4.369178736637275
1180 -3.9712387279652375
1181 -3.5562653799944193
1182 -4.670208732301256
1183 -4.670208732301256
1184 -4.369178736637275
1185 -4.670208732301256
1186 -4.670208732301256
1187 -4.193087477581594
1188 -3.7159662228619315
1189 -3.439759810922982
1190 -3.41493622719795
1191 -4.369178736637275
1192 -4.670208732301256
1193 -3.32778605147905
1194 -4.670208732301256
1195 -3.5910274862536316
1196 -4.068148740973294
1197 -3.223050700959037
1198 -3.524080696623018
1199 -3.2899974905896503
1200 -3.5910274862536316
1201 -4.369178736637275
1202 -4.670208732301256
1203 -4.670208732301256
1204 -4.670208732301256
1205 -4.670208732301256
1206 -4.068148740973294
1207 -4.369178736637275
1208 -4.670208732301256
1209 -4.670208732301256
1210 -3.347989437567337
1211 -4.670208732301256
1212 -4.369178736637275
1213 -2.197452282984044
1214 -4.369178736637275
1215 -4.670208732301256
1216 -4.670208732301256
1217 -4.369178736637275
1218 -3.9712387279652375
1219 -4.369178736637275
1220 -4.670208732301256
1221 -4.670208732301256
1222 -4.670208732301256
1223 -4.670208732301256
1224 -4.193087477581594
1225 -4.670208732301256
1226 -3.0367402767216696
1227 -3.494117473245575
1228 -4.670208732301256
1229 -3.090425135684446
1230 -4.369178736637275
1231 -4.369178736637275
1232 -3.5910274862536316
1233 -4.369178736637275
1234 -4.369178736637275
1235 -4.670208732301256
1236 -4.193087477581594
1237 -3.466088749645331
1238 -3.9712387279652375
1239 -4.670208732301256
1240 -4.369178736637275
1241 -4.670208732301256
1242 -4.670208732301256
1243 -2.4606937177586254
1244 -4.670208732301256
1245 -3.7159662228619315
1246 -3.524080696623018
1247 -4.670208732301256
1248 -4.369178736637275
1249 -3.9712387279652375
1250 -3.7671187453093125
1251 -4.369178736637275
1252 -4.670208732301256
1253 -4.670208732301256
1254 -3.524080696623018
1255 -3.7671187453093125
1256 -4.068148740973294
1257 -3.7159662228619315
1258 -4.193087477581594
1259 -3.494117473245575
1260 -4.369178736637275
1261 -2.9800126522727424
1262 -4.193087477581594
1263 -3.41493622719795
1264 -3.8251106922869993
1265 -4.670208732301256
1266 -4.068148740973294
1267 -4.670208732301256
1268 -4.670208732301256
1269 -4.670208732301256
1270 -2.899356720659112
1271 -3.347989437567337
1272 -4.670208732301256
1273 -4.670208732301256
1274 -4.369178736637275
1275 -2.831359641564001
1276 -4.670208732301256
1277 -3.670208732301256
1278 -3.9712387279652375
1279 -4.068148740973294
1280 -4.193087477581594
1281 -3.7671187453093125
1282 -4.670208732301256
1283 -3.8251106922869993
1284 -3.0169962185259123
1285 -4.193087477581594
1286 -3.7671187453093125
1287 -4.670208732301256
1288 -4.068148740973294
1289 -3.8920574819176124
1290 -4.369178736637275
1291 -3.6288160471430313
1292 -4.670208732301256
1293 -4.369178736637275
1294 -4.193087477581594
1295 -4.369178736637275
1296 -3.8251106922869993
1297 -4.193087477581594
1298 -3.1261406879509805
1299 -3.9712387279652375
1300 -3.9712387279652375
1301 -4.193087477581594
1302 -3.8251106922869993
1303 -4.670208732301256
1304 -4.068148740973294
1305 -3.8920574819176124
1306 -3.2899974905896503
1307 -4.670208732301256
1308 -4.369178736637275
1309 -4.369178736637275
1310 -3.8920574819176124
1311 -4.670208732301256
1312 -4.670208732301256
1313 -4.670208732301256
1314 -4.369178736637275
1315 -4.369178736637275
1316 -2.520989619645876
1317 -4.193087477581594
1318 -4.193087477581594
1319 -4.670208732301256
1320 -4.670208732301256
1321 -2.7257260601510875
1322 -4.670208732301256
1323 -4.670208732301256
1324 -3.8251106922869993
1325 -4.670208732301256
1326 -4.369178736637275
1327 -3.3914551313484274
1328 -4.670208732301256
1329 -4.369178736637275
1330 -4.193087477581594
1331 -4.670208732301256
1332 -3.8920574819176124
1333 -4.670208732301256
1334 -4.369178736637275
1335 -4.193087477581594
1336 -2.7671187453093125
1337 -4.193087477581594
1338 -4.369178736637275
1339 -4.670208732301256
1340 -4.193087477581594
1341 -3.8251106922869993
1342 -2.4030370038982425
1343 -4.369178736637275
1344 -4.670208732301256
1345 -4.670208732301256
1346 -1.859976214306172
1347 -3.439759810922982
1348 -4.369178736637275
1349 -4.670208732301256
1350 -4.670208732301256
1351 -3.8251106922869993
1352 -3.8251106922869993
1353 -3.1930874775815936
1354 -3.6288160471430313
1355 -4.670208732301256
1356 -4.670208732301256
1357 -4.369178736637275
1358 -3.2078107344023
1359 -4.193087477581594
1360 -4.369178736637275
1361 -4.369178736637275
1362 -4.670208732301256
1363 -4.670208732301256
1364 -4.670208732301256
1365 -4.068148740973294
1366 -4.193087477581594
1367 -4.193087477581594
1368 -4.193087477581594
1369 -2.427170683614962
1370 -3.8251106922869993
1371 -4.670208732301256
1372 -3.6288160471430313
1373 -3.8920574819176124
1374 -3.439759810922982
1375 -4.670208732301256
1376 -4.068148740973294
1377 -4.068148740973294
1378 -4.369178736637275
1379 -3.8920574819176124
1380 -4.369178736637275
1381 -2.065982679216786
1382 -3.32778605147905
1383 -4.670208732301256
1384 -4.068148740973294
1385 -4.670208732301256
1386 -1.8566277437330643
1387 -4.193087477581594
1388 -4.068148740973294
1389 -4.193087477581594
1390 -4.670208732301256
1391 -4.670208732301256
1392 -4.670208732301256
1393 -4.670208732301256
1394 -4.670208732301256
1395 -4.670208732301256
1396 -4.670208732301256
1397 -4.670208732301256
1398 -4.068148740973294
1399 -4.670208732301256
1400 -2.7357102810576883
1401 -3.9712387279652375
1402 -4.193087477581594
1403 -4.670208732301256
1404 -3.7671187453093125
1405 -2.8778170428030023
1406 -4.369178736637275
1407 -4.670208732301256
1408 -4.193087477581594
1409 -4.670208732301256
1410 -4.193087477581594
1411 -4.068148740973294
1412 -3.7671187453093125
1413 -3.1261406879509805
1414 -3.8251106922869993
1415 -3.9712387279652375
1416 -4.193087477581594
1417 -4.369178736637275
1418 -4.670208732301256
1419 -1.9008314062251177
1420 -4.670208732301256
1421 -4.068148740973294
1422 -3.7671187453093125
1423 -4.193087477581594
1424 -4.670208732301256
1425 -4.193087477581594
1426 -4.369178736637275
1427 -4.193087477581594
1428 -4.369178736637275
1429 -4.670208732301256
1430 -4.369178736637275
1431 -4.193087477581594
1432 -4.670208732301256
1433 -4.670208732301256
1434 -4.369178736637275
1435 -4.068148740973294
1436 -3.9712387279652375
1437 -4.670208732301256
1438 -4.193087477581594
1439 -4.369178736637275
1440 -2.7357102810576883
1441 -4.670208732301256
1442 -2.243697470936681
1443 -4.670208732301256
1444 -4.670208732301256
1445 -2.197452282984044
1446 -4.369178736637275
1447 -4.369178736637275
1448 -4.670208732301256
1449 -4.068148740973294
1450 -4.670208732301256
1451 -3.8920574819176124
1452 -3.7671187453093125
1453 -4.670208732301256
1454 -3.8920574819176124
1455 -4.670208732301256
1456 -4.670208732301256
1457 -4.670208732301256
1458 -4.670208732301256
1459 -3.5562653799944193
1460 -3.9712387279652375
1461 -4.068148740973294
1462 -4.068148740973294
1463 -4.369178736637275
1464 -3.9712387279652375
1465 -4.670208732301256
1466 -3.439759810922982
1467 -4.369178736637275
1468 -4.068148740973294
1469 -3.9712387279652375
1470 -3.670208732301256
1471 -4.670208732301256
1472 -3.1650587539813504
1473 -4.369178736637275
1474 -3.7671187453093125
1475 -4.369178736637275
1476 -3.7671187453093125
1477 -4.670208732301256
1478 -4.670208732301256
1479 -4.670208732301256
1480 -4.193087477581594
1481 -3.439759810922982
1482 -4.369178736637275
1483 -3.238844968142269
1484 -4.670208732301256
1485 -4.369178736637275
1486 -3.9712387279652375
1487 -4.670208732301256
1488 -4.193087477581594
1489 -4.369178736637275
1490 -3.41493622719795
1491 -4.670208732301256
1492 -4.670208732301256
1493 -4.369178736637275
1494 -4.369178736637275
1495 -4.670208732301256
1496 -3.5562653799944193
1497 -4.369178736637275
1498 -4.068148740973294
1499 -4.670208732301256
1500 -4.670208732301256
1501 -2.398367125764757
1502 -3.8920574819176124
1503 -4.068148740973294
1504 -4.670208732301256
1505 -3.8920574819176124
1506 -4.068148740973294
1507 -4.193087477581594
1508 -3.670208732301256
1509 -4.670208732301256
1510 -4.670208732301256
1511 -3.5910274862536316
1512 -4.670208732301256
1513 -4.670208732301256
1514 -4.670208732301256
1515 -4.670208732301256
1516 -4.670208732301256
1517 -4.670208732301256
1518 -4.369178736637275
1519 -3.8920574819176124
1520 -4.670208732301256
1521 -4.369178736637275
1522 -3.255235384330438
1523 -4.369178736637275
1524 -4.670208732301256
1525 -4.670208732301256
1526 -3.524080696623018
1527 -2.864028758317369
1528 -3.8251106922869993
1529 -4.670208732301256
1530 -4.369178736637275
1531 -3.1650587539813504
1532 -3.7671187453093125
1533 -3.466088749645331
1534 -3.6288160471430313
1535 -4.369178736637275
1536 -4.670208732301256
1537 -4.193087477581594
1538 -4.369178736637275
1539 -4.193087477581594
1540 -4.670208732301256
1541 -4.369178736637275
1542 -4.193087477581594
1543 -3.9712387279652375
1544 -3.8251106922869993
1545 -3.369178736637275
1546 -3.5910274862536316
1547 -3.090425135684446
1548 -4.068148740973294
1549 -3.466088749645331
1550 -4.369178736637275
1551 -4.369178736637275
1552 -4.193087477581594
1553 -4.369178736637275
1554 -4.670208732301256
1555 -4.670208732301256
1556 -3.7159662228619315
1557 -3.494117473245575
1558 -4.670208732301256
1559 -3.0574248755815208
1560 -4.670208732301256
1561 -4.670208732301256
1562 -4.670208732301256
1563 -4.068148740973294
1564 -3.7159662228619315
1565 -4.369178736637275
1566 -4.670208732301256
1567 -4.369178736637275
1568 -2.8068858721808003
1569 -4.369178736637275
1570 -4.670208732301256
1571 -3.5910274862536316
1572 -4.670208732301256
1573 -3.9712387279652375
1574 -3.0074509006196823
1575 -3.6288160471430313
1576 -4.670208732301256
1577 -2.5983267249951307
1578 -3.9712387279652375
1579 -3.7159662228619315
1580 -3.8251106922869993
1581 -4.670208732301256
1582 -4.670208732301256
1583 -4.670208732301256
1584 -4.670208732301256
1585 -4.670208732301256
1586 -3.1930874775815936
1587 -4.369178736637275
1588 -2.988967494925669
1589 -2.206315743315349
1590 -4.369178736637275
1591 -4.670208732301256
1592 -4.369178736637275
1593 -4.670208732301256
1594 -4.670208732301256
1595 -3.6288160471430313
1596 -4.670208732301256
1597 -3.5910274862536316
1598 -4.670208732301256
1599 -2.8506647967593874
1600 -3.9712387279652375
1601 -4.670208732301256
1602 -4.670208732301256
1603 -4.670208732301256
1604 -4.670208732301256
1605 -4.670208732301256
1606 -4.068148740973294
1607 -4.670208732301256
1608 -4.670208732301256
1609 -4.670208732301256
1610 -4.369178736637275
1611 -4.670208732301256
1612 -4.369178736637275
1613 -3.8920574819176124
1614 -4.369178736637275
1615 -3.6288160471430313
1616 -4.670208732301256
1617 -3.8251106922869993
1618 -4.193087477581594
1619 -4.670208732301256
1620 -4.369178736637275
1621 -4.193087477581594
1622 -4.670208732301256
1623 -4.193087477581594
1624 -4.670208732301256
1625 -4.193087477581594
1626 -4.369178736637275
1627 -4.670208732301256
1628 -4.670208732301256
1629 -3.1650587539813504
1630 -3.5910274862536316
1631 -4.670208732301256
1632 -4.670208732301256
1633 -3.347989437567337
1634 -4.369178736637275
1635 -4.670208732301256
1636 -3.369178736637275
1637 -4.670208732301256
1638 -4.670208732301256
1639 -4.670208732301256
1640 -4.068148740973294
1641 -3.223050700959037
1642 -3.6288160471430313
1643 -3.9712387279652375
1644 -4.068148740973294
1645 -4.670208732301256
1646 -4.193087477581594
1647 -3.8920574819176124
1648 -3.524080696623018
1649 -4.670208732301256
1650 -4.369178736637275
1651 -4.193087477581594
1652 -4.369178736637275
1653 -3.7159662228619315
1654 -4.670208732301256
1655 -4.670208732301256
1656 -3.41493622719795
1657 -4.670208732301256
1658 -3.8251106922869993
1659 -3.8920574819176124
1660 -2.1425788314299177
1661 -4.369178736637275
1662 -4.369178736637275
1663 -4.068148740973294
1664 -3.9712387279652375
1665 -2.6658873585186136
1666 -4.193087477581594
1667 -3.670208732301256
1668 -3.7159662228619315
1669 -3.3914551313484274
1670 -4.670208732301256
1671 -3.2722687236292183
1672 -3.7159662228619315
1673 -3.9712387279652375
1674 -3.5910274862536316
1675 -4.369178736637275
1676 -4.670208732301256
1677 -3.1788470384669836
1678 -4.369178736637275
1679 -3.5910274862536316
1680 -4.670208732301256
1681 -3.8920574819176124
1682 -3.255235384330438
1683 -3.7671187453093125
1684 -4.369178736637275
1685 -3.8251106922869993
1686 -4.670208732301256
1687 -4.670208732301256
1688 -4.369178736637275
1689 -2.2936317752447444
1690 -3.9712387279652375
1691 -4.369178736637275
1692 -4.670208732301256
1693 -2.906780738738319
1694 -4.068148740973294
1695 -4.193087477581594
1696 -4.670208732301256
1697 -4.369178736637275
1698 -4.670208732301256
1699 -4.369178736637275
1700 -3.8920574819176124
1701 -4.193087477581594
1702 -4.193087477581594
1703 -4.193087477581594
1704 -4.670208732301256
1705 -4.670208732301256
1706 -4.670208732301256
1707 -4.369178736637275
1708 -1.5369892755687617
1709 -3.347989437567337
1710 -4.369178736637275
1711 -4.670208732301256
1712 -4.068148740973294
1713 -3.670208732301256
1714 -4.670208732301256
1715 -4.670208732301256
1716 -4.369178736637275
1717 -4.193087477581594
1718 -4.369178736637275
1719 -3.0074509006196823
1720 -4.068148740973294
1721 -4.670208732301256
1722 -2.3713556558915494
1723 -4.670208732301256
1724 -2.8189503835821808
1725 -3.8251106922869993
1726 -3.5562653799944193
1727 -4.670208732301256
1728 -4.369178736637275
1729 -3.5910274862536316
1730 -4.670208732301256
1731 -3.32778605147905
1732 -4.670208732301256
1733 -4.670208732301256
1734 -3.439759810922982
1735 -4.068148740973294
1736 -2.8708681828476745
1737 -4.369178736637275
1738 -4.369178736637275
1739 -2.6408249546160465
1740 -2.9800126522727424
1741 -4.369178736637275
1742 -4.670208732301256
1743 -4.369178736637275
1744 -4.670208732301256
1745 -4.670208732301256
1746 -4.369178736637275
1747 -4.369178736637275
1748 -4.193087477581594
1749 -3.7671187453093125
1750 -3.9712387279652375
1751 -4.670208732301256
1752 -4.193087477581594
1753 -4.670208732301256
1754 -4.670208732301256
1755 -2.7617237134226063
1756 -3.7671187453093125
1757 -4.670208732301256
1758 -4.670208732301256
1759 -4.670208732301256
1760 -3.7671187453093125
1761 -4.670208732301256
1762 -4.670208732301256
1763 -3.113906231533969
1764 -3.8251106922869993
1765 -4.369178736637275
1766 -4.369178736637275
1767 -4.670208732301256
1768 -4.670208732301256
1769 -4.670208732301256
1770 -4.670208732301256
1771 -4.369178736637275
1772 -4.369178736637275
1773 -4.670208732301256
1774 -3.8251106922869993
1775 -4.670208732301256
1776 -4.369178736637275
1777 -3.5910274862536316
1778 -4.369178736637275
1779 -4.369178736637275
1780 -3.8251106922869993
1781 -4.369178736637275
1782 -3.8251106922869993
1783 -3.7159662228619315
1784 -4.670208732301256
1785 -2.988967494925669
1786 -4.369178736637275
1787 -4.369178736637275
1788 -4.670208732301256
1789 -4.670208732301256
1790 -3.5910274862536316
1791 -4.670208732301256
1792 -4.670208732301256
1793 -4.193087477581594
1794 -4.670208732301256
1795 -4.193087477581594
1796 -4.068148740973294
1797 -4.369178736637275
1798 -4.670208732301256
1799 -4.193087477581594
1800 -4.369178736637275
1801 -3.9712387279652375
1802 -3.8920574819176124
1803 -4.670208732301256
1804 -4.670208732301256
1805 -4.670208732301256
1806 -4.670208732301256
1807 -3.8920574819176124
1808 -4.369178736637275
1809 -3.5910274862536316
1810 -4.369178736637275
1811 -4.369178736637275
1812 -4.670208732301256
1813 -4.193087477581594
1814 -4.193087477581594
1815 -4.670208732301256
1816 -4.068148740973294
1817 -4.369178736637275
1818 -2.988967494925669
1819 -4.670208732301256
1820 -4.670208732301256
1821 -4.369178736637275
1822 -3.670208732301256
1823 -3.7159662228619315
1824 -4.369178736637275
1825 -4.068148740973294
1826 -4.670208732301256
1827 -4.193087477581594
1828 -4.670208732301256
1829 -3.7671187453093125
1830 -4.369178736637275
1831 -4.068148740973294
1832 -4.193087477581594
1833 -4.193087477581594
1834 -4.193087477581594
1835 -3.670208732301256
1836 -4.369178736637275
1837 -4.670208732301256
1838 -4.369178736637275
1839 -4.369178736637275
1840 -4.670208732301256
1841 -4.670208732301256
1842 -4.068148740973294
1843 -4.670208732301256
1844 -4.369178736637275
1845 -4.670208732301256
1846 -4.670208732301256
1847 -4.369178736637275
1848 -4.068148740973294
1849 -4.369178736637275
1850 -4.369178736637275
1851 -4.369178736637275
1852 -4.670208732301256
1853 -4.670208732301256
1854 -4.670208732301256
1855 -4.670208732301256
1856 -4.670208732301256
1857 -4.068148740973294
1858 -3.0681487409732937
1859 -4.670208732301256
1860 -4.670208732301256
1861 -4.369178736637275
1862 -4.670208732301256
1863 -4.670208732301256
1864 -3.8251106922869993
1865 -4.068148740973294
1866 -4.670208732301256
1867 -4.670208732301256
1868 -4.193087477581594
1869 -4.068148740973294
1870 -3.7159662228619315
1871 -4.369178736637275
1872 -4.670208732301256
1873 -4.670208732301256
1874 -4.670208732301256
1875 -4.068148740973294
1876 -4.369178736637275
1877 -4.670208732301256
1878 -4.369178736637275
1879 -4.193087477581594
1880 -4.670208732301256
1881 -4.193087477581594
1882 -4.670208732301256
1883 -4.670208732301256
1884 -4.670208732301256
1885 -4.193087477581594
1886 -4.670208732301256
1887 -4.670208732301256
1888 -3.670208732301256
1889 -4.369178736637275
1890 -4.670208732301256
1891 -4.068148740973294
1892 -4.068148740973294
1893 -4.670208732301256
1894 -3.8920574819176124
1895 -4.670208732301256
1896 -4.670208732301256
1897 -4.068148740973294
1898 -4.670208732301256
1899 -4.670208732301256
1900 -4.369178736637275
1901 -4.670208732301256
1902 -4.369178736637275
1903 -4.369178736637275
1904 -3.9712387279652375
1905 -4.670208732301256
1906 -4.670208732301256
1907 -4.670208732301256
1908 -4.369178736637275
1909 -4.068148740973294
1910 -4.193087477581594
1911 -4.068148740973294
1912 -4.068148740973294
1913 -4.193087477581594
1914 -3.8920574819176124
1915 -3.41493622719795
1916 -4.670208732301256
1917 -4.670208732301256
1918 -4.670208732301256
1919 -4.670208732301256
1920 -4.670208732301256
1921 -4.369178736637275
1922 -4.369178736637275
1923 -4.670208732301256
1924 -4.670208732301256
1925 -4.670208732301256
1926 -3.670208732301256
1927 -3.670208732301256
1928 -4.369178736637275
1929 -4.670208732301256
1930 -4.670208732301256
1931 -3.8251106922869993
1932 -4.670208732301256
1933 -4.670208732301256
1934 -4.369178736637275
1935 -4.670208732301256
1936 -3.494117473245575
1937 -4.670208732301256
1938 -3.8920574819176124
1939 -4.670208732301256
1940 -4.369178736637275
1941 -4.670208732301256
1942 -4.068148740973294
1943 -4.670208732301256
1944 -3.347989437567337
1945 -4.369178736637275
1946 -3.9712387279652375
1947 -4.670208732301256
1948 -4.670208732301256
1949 -3.9712387279652375
1950 -4.369178736637275
1951 -4.193087477581594
1952 -4.670208732301256
1953 -4.670208732301256
1954 -2.268808191519712
1955 -3.6288160471430313
1956 -4.670208732301256
1957 -3.7159662228619315
1958 -4.670208732301256
1959 -4.670208732301256
1960 -4.670208732301256
1961 -4.670208732301256
1962 -4.670208732301256
1963 -1.9817889102985455
1964 -3.6288160471430313
1965 -4.670208732301256
1966 -4.369178736637275
1967 -4.670208732301256
1968 -3.32778605147905
1969 -4.670208732301256
1970 -4.193087477581594
1971 -3.7159662228619315
1972 -4.068148740973294
1973 -4.670208732301256
1974 -4.670208732301256
1975 -3.8920574819176124
1976 -2.906780738738319
1977 -3.308480896283663
1978 -2.772581641010815
1979 -4.670208732301256
1980 -4.369178736637275
1981 -4.369178736637275
1982 -4.369178736637275
1983 -4.670208732301256
1984 -3.9712387279652375
1985 -3.7671187453093125
1986 -4.068148740973294
1987 -4.670208732301256
1988 -4.670208732301256
1989 -4.670208732301256
1990 -3.524080696623018
1991 -4.670208732301256
1992 -4.670208732301256
1993 -3.079144125274757
1994 -2.906780738738319
1995 -4.670208732301256
1996 -3.8251106922869993
1997 -4.193087477581594
1998 -4.670208732301256
1999 -4.369178736637275
2000 -3.6288160471430313
2001 -4.369178736637275
2002 -4.670208732301256
2003 -4.193087477581594
2004 -4.670208732301256
2005 -3.5910274862536316
2006 -3.026756055815069
2007 -4.193087477581594
2008 -4.193087477581594
2009 -4.670208732301256
2010 -4.670208732301256
2011 -3.8920574819176124
2012 -3.0367402767216696
2013 -3.0681487409732937
2014 -3.7159662228619315
2015 -3.7159662228619315
2016 -4.369178736637275
2017 -3.1788470384669836
2018 -2.9378149724782876
2019 -4.193087477581594
2020 -4.369178736637275
2021 -4.369178736637275
2022 -4.369178736637275
2023 -4.068148740973294
2024 -3.9712387279652375
2025 -4.670208732301256
2026 -4.670208732301256
2027 -2.1569911322333173
2028 -4.670208732301256
2029 -4.670208732301256
2030 -2.4633828562694067
2031 -4.369178736637275
2032 -4.369178736637275
2033 -4.670208732301256
2034 -4.369178736637275
2035 -4.670208732301256
2036 -4.670208732301256
2037 -3.41493622719795
2038 -4.670208732301256
2039 -4.193087477581594
2040 -4.369178736637275
2041 -4.369178736637275
2042 -4.670208732301256
2043 -4.670208732301256
2044 -4.670208732301256
2045 -4.670208732301256
2046 -4.670208732301256
2047 -4.193087477581594
2048 -3.2722687236292183
2049 -3.9712387279652375
2050 -4.670208732301256
2051 -3.9712387279652375
2052 -3.8251106922869993
2053 -4.670208732301256
2054 -4.369178736637275
2055 -4.670208732301256
2056 -4.670208732301256
2057 -4.193087477581594
2058 -4.670208732301256
2059 -4.369178736637275
2060 -3.439759810922982
2061 -4.369178736637275
2062 -4.670208732301256
2063 -3.6288160471430313
2064 -3.8251106922869993
2065 -4.193087477581594
2066 -4.369178736637275
2067 -4.670208732301256
2068 -4.670208732301256
2069 -4.670208732301256
2070 -3.2899974905896503
2071 -4.670208732301256
2072 -3.8251106922869993
2073 -4.670208732301256
2074 -4.369178736637275
2075 -3.8920574819176124
2076 -4.193087477581594
2077 -4.369178736637275
2078 -4.369178736637275
2079 -4.670208732301256
2080 -3.9712387279652375
2081 -4.369178736637275
2082 -3.6288160471430313
2083 -4.670208732301256
2084 -3.9712387279652375
2085 -4.369178736637275
2086 -3.8251106922869993
2087 -4.369178736637275
2088 -4.369178736637275
2089 -4.068148740973294
2090 -4.369178736637275
2091 -4.193087477581594
2092 -4.369178736637275
2093 -4.670208732301256
2094 -4.369178736637275
2095 -3.9712387279652375
2096 -2.988967494925669
2097 -4.670208732301256
2098 -4.670208732301256
2099 -4.193087477581594
2100 -3.9712387279652375
2101 -4.670208732301256
2102 -3.670208732301256
2103 -4.670208732301256
2104 -4.670208732301256
2105 -3.8920574819176124
2106 -2.466088749645331
2107 -4.670208732301256
2108 -2.505855876516819
2109 -4.193087477581594
2110 -3.670208732301256
2111 -4.670208732301256
2112 -3.8920574819176124
2113 -4.193087477581594
2114 -4.369178736637275
2115 -3.5562653799944193
2116 -3.7159662228619315
2117 -3.8920574819176124
2118 -4.670208732301256
2119 -4.670208732301256
2120 -4.670208732301256
2121 -4.369178736637275
2122 -4.369178736637275
2123 -3.524080696623018
2124 -4.369178736637275
2125 -4.670208732301256
2126 -3.7159662228619315
2127 -4.193087477581594
2128 -4.670208732301256
2129 -4.670208732301256
2130 -4.369178736637275
2131 -4.369178736637275
2132 -3.8251106922869993
2133 -4.670208732301256
2134 -4.193087477581594
2135 -4.670208732301256
2136 -4.670208732301256
2137 -4.369178736637275
2138 -3.079144125274757
2139 -3.7159662228619315
2140 -4.670208732301256
2141 -3.7671187453093125
2142 -4.068148740973294
2143 -4.670208732301256
2144 -4.369178736637275
2145 -4.193087477581594
2146 -4.369178736637275
2147 -4.193087477581594
2148 -3.9712387279652375
2149 -4.670208732301256
2150 -4.670208732301256
2151 -4.670208732301256
2152 -3.9712387279652375
2153 -3.7159662228619315
2154 -4.369178736637275
2155 -4.068148740973294
2156 -4.369178736637275
2157 -4.670208732301256
2158 -4.670208732301256
2159 -3.7671187453093125
2160 -3.5910274862536316
2161 -4.193087477581594
2162 -3.439759810922982
2163 -4.670208732301256
2164 -4.193087477581594
2165 -4.369178736637275
2166 -4.670208732301256
2167 -4.670208732301256
2168 -4.670208732301256
2169 -4.670208732301256
2170 -4.193087477581594
2171 -3.8251106922869993
2172 -4.369178736637275
2173 -4.369178736637275
2174 -4.670208732301256
2175 -4.193087477581594
2176 -4.670208732301256
2177 -4.369178736637275
2178 -4.369178736637275
2179 -4.369178736637275
2180 -4.670208732301256
2181 -4.369178736637275
2182 -4.670208732301256
2183 -4.369178736637275
2184 -4.193087477581594
2185 -4.193087477581594
2186 -4.670208732301256
2187 -4.193087477581594
2188 -4.670208732301256
2189 -4.670208732301256
2190 -3.8251106922869993
2191 -4.670208732301256
2192 -4.670208732301256
2193 -3.6288160471430313
2194 -4.670208732301256
2195 -4.193087477581594
2196 -4.670208732301256
2197 -3.8920574819176124
2198 -4.670208732301256
2199 -4.369178736637275
2200 -3.494117473245575
2201 -3.9712387279652375
2202 -4.670208732301256
2203 -3.8920574819176124
2204 -4.670208732301256
2205 -4.670208732301256
2206 -3.8920574819176124
2207 -3.7159662228619315
2208 -4.670208732301256
2209 -4.670208732301256
2210 -2.9981108743655387
2211 -3.32778605147905
2212 -3.9712387279652375
2213 -4.670208732301256
2214 -4.193087477581594
2215 -4.068148740973294
2216 -4.670208732301256
2217 -3.439759810922982
2218 -4.670208732301256
2219 -3.41493622719795
2220 -4.193087477581594
2221 -4.670208732301256
2222 -3.32778605147905
2223 -4.193087477581594
2224 -3.9712387279652375
2225 -4.670208732301256
2226 -3.494117473245575
2227 -1.9634909499644975
2228 -1.2885522497154691
2229 -2.494117473245575
2230 -4.193087477581594
2231 -2.2936317752447444
2232 -3.466088749645331
2233 -3.1650587539813504
2234 -2.536669823931039
2235 -4.670208732301256
2236 -3.1261406879509805
2237 -3.670208732301256
2238 -3.524080696623018
2239 -4.369178736637275
2240 -2.7617237134226063
2241 -2.27400938520552
2242 -4.670208732301256
2243 -3.7671187453093125
2244 -3.9712387279652375
2245 -3.0574248755815208
2246 -3.466088749645331
2247 -4.670208732301256
2248 -3.670208732301256
2249 -4.670208732301256
2250 -4.670208732301256
2251 -3.439759810922982
2252 -2.580303620861858
2253 -4.670208732301256
2254 -3.7671187453093125
2255 -4.670208732301256
2256 -3.7671187453093125
2257 -4.193087477581594
2258 -4.068148740973294
2259 -4.670208732301256
2260 -4.670208732301256
2261 -4.670208732301256
2262 -4.193087477581594
2263 -3.1261406879509805
2264 -4.670208732301256
2265 -4.670208732301256
2266 -3.9712387279652375
2267 -4.193087477581594
2268 -3.8251106922869993
2269 -4.670208732301256
2270 -3.7671187453093125
2271 -4.670208732301256
2272 -3.2722687236292183
2273 -3.8920574819176124
2274 -4.670208732301256
2275 -1.59066572489835
2276 -3.41493622719795
2277 -4.369178736637275
2278 -4.068148740973294
2279 -3.138729815259001
2280 -4.670208732301256
2281 -4.369178736637275
2282 -4.670208732301256
2283 -2.7617237134226063
2284 -4.193087477581594
2285 -4.670208732301256
2286 -4.369178736637275
2287 -4.369178736637275
2288 -4.193087477581594
2289 -4.670208732301256
2290 -4.670208732301256
2291 -3.3914551313484274
2292 -4.193087477581594
2293 -4.670208732301256
2294 -4.068148740973294
2295 -4.670208732301256
2296 -4.670208732301256
2297 -4.670208732301256
2298 -4.369178736637275
2299 -4.670208732301256
2300 -3.32778605147905
2301 -4.193087477581594
2302 -4.670208732301256
2303 -4.193087477581594
2304 -4.369178736637275
2305 -4.670208732301256
2306 -4.369178736637275
2307 -4.193087477581594
2308 -4.670208732301256
2309 -4.670208732301256
2310 -3.9712387279652375
2311 -3.9712387279652375
2312 -4.193087477581594
2313 -4.068148740973294
2314 -3.8920574819176124
2315 -4.670208732301256
2316 -3.8251106922869993
2317 -4.670208732301256
2318 -3.6288160471430313
2319 -4.670208732301256
2320 -4.369178736637275
2321 -2.954205388666457
2322 -4.369178736637275
2323 -4.369178736637275
2324 -4.670208732301256
2325 -3.439759810922982
2326 -4.369178736637275
2327 -4.670208732301256
2328 -4.670208732301256
2329 -4.670208732301256
2330 -4.670208732301256
2331 -3.439759810922982
2332 -2.583848901626508
2333 -4.670208732301256
2334 -4.670208732301256
2335 -4.670208732301256
2336 -4.670208732301256
2337 -2.6970808787015574
2338 -4.670208732301256
2339 -4.369178736637275
2340 -4.068148740973294
2341 -4.193087477581594
2342 -4.193087477581594
2343 -4.670208732301256
2344 -3.7671187453093125
2345 -4.670208732301256
2346 -3.41493622719795
2347 -4.670208732301256
2348 -4.670208732301256
2349 -4.068148740973294
2350 -4.670208732301256
2351 -4.369178736637275
2352 -4.670208732301256
2353 -4.369178736637275
2354 -4.670208732301256
2355 -4.670208732301256
2356 -4.369178736637275
2357 -4.670208732301256
2358 -3.308480896283663
2359 -4.670208732301256
2360 -4.369178736637275
2361 -4.369178736637275
2362 -3.9712387279652375
2363 -4.068148740973294
2364 -4.670208732301256
2365 -4.068148740973294
2366 -4.193087477581594
2367 -4.670208732301256
2368 -4.670208732301256
2369 -4.369178736637275
2370 -4.670208732301256
2371 -4.670208732301256
2372 -4.670208732301256
2373 -4.670208732301256
2374 -3.9712387279652375
2375 -2.1691494700835046
2376 -4.193087477581594
2377 -4.193087477581594
2378 -4.670208732301256
2379 -3.2078107344023
2380 -3.9712387279652375
2381 -4.670208732301256
2382 -3.1650587539813504
2383 -4.193087477581594
2384 -4.670208732301256
2385 -3.113906231533969
2386 -4.670208732301256
2387 -2.7159662228619315
2388 -4.670208732301256
2389 -4.369178736637275
2390 -4.670208732301256
2391 -4.670208732301256
2392 -4.670208732301256
2393 -4.369178736637275
2394 -4.369178736637275
2395 -4.670208732301256
2396 -4.193087477581594
2397 -4.670208732301256
2398 -2.9800126522727424
2399 -4.369178736637275
2400 -2.6248857535145986
2401 -3.524080696623018
2402 -2.447492261153673
2403 -4.369178736637275
2404 -4.670208732301256
2405 -4.670208732301256
2406 -3.3914551313484274
2407 -3.9712387279652375
2408 -4.670208732301256
2409 -4.670208732301256
2410 -2.6209907096310747
2411 -4.670208732301256
2412 -3.1788470384669836
2413 -4.369178736637275
2414 -3.7671187453093125
2415 -4.670208732301256
2416 -3.7671187453093125
2417 -2.3713556558915494
2418 -3.9712387279652375
2419 -3.9712387279652375
2420 -3.41493622719795
2421 -4.670208732301256
2422 -3.670208732301256
2423 -3.2722687236292183
2424 -4.369178736637275
2425 -3.466088749645331
2426 -3.5910274862536316
2427 -3.9712387279652375
2428 -4.670208732301256
2429 -4.369178736637275
2430 -4.369178736637275
2431 -4.670208732301256
2432 -2.653175393002476
2433 -4.670208732301256
2434 -3.8251106922869993
2435 -2.3521453973384947
2436 -4.369178736637275
2437 -4.068148740973294
2438 -4.193087477581594
2439 -4.369178736637275
2440 -3.5910274862536316
2441 -4.670208732301256
2442 -4.670208732301256
2443 -4.068148740973294
2444 -4.670208732301256
2445 -2.2078107344023
2446 -4.670208732301256
2447 -4.068148740973294
2448 -4.670208732301256
2449 -3.7159662228619315
2450 -3.7159662228619315
2451 -3.8920574819176124
2452 -4.670208732301256
2453 -3.308480896283663
2454 -4.670208732301256
2455 -3.369178736637275
2456 -3.8251106922869993
2457 -4.670208732301256
2458 -3.9712387279652375
2459 -4.193087477581594
2460 -4.670208732301256
2461 -3.8920574819176124
2462 -3.8251106922869993
2463 -3.41493622719795
2464 -4.068148740973294
2465 -4.670208732301256
2466 -4.670208732301256
2467 -4.670208732301256
2468 -4.193087477581594
2469 -4.369178736637275
2470 -4.670208732301256
2471 -4.670208732301256
2472 -3.670208732301256
2473 -4.670208732301256
2474 -4.670208732301256
2475 -4.369178736637275
2476 -4.193087477581594
2477 -4.670208732301256
2478 -4.670208732301256
2479 -3.8920574819176124
2480 -3.7159662228619315
2481 -4.670208732301256
2482 -2.6171302888178363
2483 -4.369178736637275
2484 -3.1261406879509805
2485 -4.369178736637275
2486 -4.670208732301256
2487 -3.9712387279652375
2488 -4.670208732301256
2489 -4.670208732301256
2490 -1.8195624971181896
2491 -3.5910274862536316
2492 -3.524080696623018
2493 -3.6288160471430313
2494 -2.1043609136277386
2495 -4.068148740973294
2496 -4.068148740973294
2497 -4.068148740973294
2498 -4.193087477581594
2499 -2.2469628583644483
