0 353.5682678222656 0.036882638931274414
1 365.00048828125 0.06863832473754883
2 348.95806884765625 0.1020665168762207
3 340.5259094238281 0.13474822044372559
4 338.9265441894531 0.16719746589660645
5 350.19757080078125 0.19949674606323242
6 349.0003662109375 0.23180890083312988
7 331.3509826660156 0.2639899253845215
8 330.4576416015625 0.29621005058288574
9 344.63885498046875 0.32733798027038574
10 344.4568176269531 0.3609611988067627
11 348.98419189453125 0.39189743995666504
12 338.5772705078125 0.4243307113647461
13 341.94317626953125 0.4571239948272705
14 344.367919921875 0.48807454109191895
15 336.2052917480469 0.5196919441223145
16 333.6114807128906 0.5522253513336182
17 341.49200439453125 0.585169792175293
18 338.4967041015625 0.6173491477966309
19 343.2216491699219 0.6495165824890137
20 359.0511474609375 0.6806702613830566
21 346.0010681152344 0.711315393447876
22 347.1431579589844 0.7440755367279053
23 348.6294860839844 0.7759027481079102
24 341.8399658203125 0.8087015151977539
25 337.0270080566406 0.8415064811706543
26 347.8280944824219 0.8741021156311035
27 332.755615234375 0.907261848449707
28 337.79339599609375 0.9401876926422119
29 349.61163330078125 0.9720125198364258
30 352.9681701660156 1.0043368339538574
31 348.8427429199219 1.0378828048706055
32 332.7751159667969 1.070054292678833
33 335.7018127441406 1.103853702545166
34 338.64324951171875 1.1342058181762695
35 352.6949768066406 1.1671130657196045
36 333.5022277832031 1.2006182670593262
37 327.97222900390625 1.235091209411621
38 336.41741943359375 1.268141269683838
39 334.1550598144531 1.3005568981170654
40 329.8291320800781 1.3350510597229004
41 328.83233642578125 1.367401123046875
42 342.1119079589844 1.4013891220092773
43 343.96429443359375 1.4342896938323975
44 345.0009765625 1.4673192501068115
45 338.1590576171875 1.5005581378936768
46 327.6964111328125 1.5330350399017334
47 328.2176513671875 1.5681226253509521
48 334.094482421875 1.60099196434021
49 336.1141662597656 1.633671522140503
50 333.6789855957031 1.667522668838501
51 334.67822265625 1.7016031742095947
52 334.8441162109375 1.7369234561920166
53 322.2955627441406 1.76957368850708
54 317.2948913574219 1.8016784191131592
55 339.6119079589844 1.836184024810791
56 323.9835205078125 1.8678455352783203
57 327.62774658203125 1.902683973312378
58 316.5716552734375 1.9372282028198242
59 299.6936950683594 1.9706523418426514
60 326.96844482421875 2.0051159858703613
61 326.5721130371094 2.039337396621704
62 338.823486328125 2.0744547843933105
63 309.8134460449219 2.109588384628296
64 335.95831298828125 2.142803430557251
65 322.1338195800781 2.1745123863220215
66 339.22174072265625 2.2105863094329834
67 320.3306579589844 2.2444610595703125
68 335.2376708984375 2.2772302627563477
69 328.84661865234375 2.3109290599823
70 314.4791564941406 2.3456082344055176
71 341.5520935058594 2.37903094291687
72 330.6181945800781 2.4122321605682373
73 322.4767150878906 2.447258234024048
74 314.4844055175781 2.4811511039733887
75 315.5885314941406 2.5150787830352783
76 322.62335205078125 2.5468709468841553
77 334.2372131347656 2.5786187648773193
78 328.3393249511719 2.6123902797698975
79 332.70184326171875 2.647150993347168
80 323.01531982421875 2.681046724319458
81 334.1319274902344 2.715080499649048
82 314.4710388183594 2.749217987060547
83 296.1621398925781 2.7833104133605957
84 320.1499938964844 2.816239356994629
85 307.711669921875 2.853492021560669
86 309.22296142578125 2.88784122467041
87 308.193115234375 2.9212262630462646
88 333.8399353027344 2.9546196460723877
89 313.98577880859375 2.9896419048309326
90 306.19732666015625 3.026865243911743
91 324.5379638671875 3.060779094696045
92 322.1254577636719 3.096181869506836
93 336.10443115234375 3.1279618740081787
94 338.2587585449219 3.1593451499938965
95 314.7857360839844 3.1945841312408447
96 316.3119812011719 3.2279000282287598
97 321.8420104980469 3.263232946395874
98 334.9914855957031 3.296152353286743
99 311.4533386230469 3.330465316772461
100 303.44183349609375 3.366853952407837
101 326.2071533203125 3.400113105773926
102 313.4855041503906 3.4326179027557373
103 295.207763671875 3.4670841693878174
104 320.72625732421875 3.500523805618286
105 319.6291198730469 3.536804676055908
106 303.4488830566406 3.5726542472839355
107 305.3168640136719 3.6072819232940674
108 319.99407958984375 3.6418874263763428
109 305.4453125 3.678356409072876
110 336.7415771484375 3.7120838165283203
111 325.5265808105469 3.7459912300109863
112 297.4678039550781 3.7809746265411377
113 321.5625915527344 3.817653179168701
114 315.34051513671875 3.8538007736206055
115 318.3848876953125 3.8887062072753906
116 297.2358093261719 3.922724723815918
117 313.452880859375 3.9551444053649902
118 311.9791564941406 3.9891185760498047
119 302.7352294921875 4.025156736373901
120 305.0932312011719 4.059434652328491
121 306.0885925292969 4.0946290493011475
122 308.75982666015625 4.129473924636841
123 310.5279846191406 4.1656105518341064
124 310.59307861328125 4.199013710021973
125 321.2970275878906 4.235199451446533
126 297.7936706542969 4.269853353500366
127 302.9283752441406 4.30571436882019
128 322.4980163574219 4.341492414474487
129 300.3330078125 4.376767873764038
130 301.22186279296875 4.414510488510132
131 308.1847839355469 4.452661037445068
132 307.5911560058594 4.4903576374053955
133 316.64117431640625 4.527419328689575
134 308.4104919433594 4.5619800090789795
135 303.9141845703125 4.596215009689331
136 287.8652648925781 4.635410308837891
137 310.45648193359375 4.671312093734741
138 300.9942626953125 4.707608938217163
139 301.90753173828125 4.743796348571777
140 296.9161376953125 4.781622409820557
141 305.13690185546875 4.8175578117370605
142 308.4586181640625 4.854026556015015
143 306.606201171875 4.893277645111084
144 296.379638671875 4.9317638874053955
145 308.3428649902344 4.9692299365997314
146 305.1463928222656 5.005007028579712
147 303.0635070800781 5.042120456695557
148 302.5227966308594 5.0780181884765625
149 303.8748779296875 5.112552165985107
150 306.6130065917969 5.1471617221832275
151 291.0843811035156 5.183259963989258
152 290.5745849609375 5.221098899841309
153 292.9334411621094 5.258419990539551
154 288.08880615234375 5.296107292175293
155 296.40716552734375 5.330941200256348
156 300.5116271972656 5.3681347370147705
157 289.174560546875 5.405161619186401
158 292.84405517578125 5.441132068634033
159 301.5028991699219 5.479275226593018
160 296.044189453125 5.514200448989868
161 302.6859130859375 5.550147294998169
162 277.48028564453125 5.58732008934021
163 306.4674987792969 5.6223530769348145
164 297.7406005859375 5.659161806106567
165 307.3752136230469 5.694880723953247
166 292.2508544921875 5.736579656600952
167 301.7932434082031 5.775658130645752
168 301.4007263183594 5.810898542404175
169 286.5809631347656 5.8479108810424805
170 305.2368469238281 5.883686780929565
171 289.13897705078125 5.92160701751709
172 284.19732666015625 5.959020614624023
173 301.6428527832031 5.99306583404541
174 305.6808166503906 6.029921054840088
175 276.7447204589844 6.066667318344116
176 300.02099609375 6.105224132537842
177 286.8679504394531 6.14756178855896
178 297.22247314453125 6.183993816375732
179 292.52630615234375 6.22085976600647
180 295.07257080078125 6.258207321166992
181 299.9502868652344 6.293793678283691
182 276.277587890625 6.330270290374756
183 278.4540100097656 6.371981382369995
184 273.4101257324219 6.410215377807617
185 290.2647705078125 6.450714588165283
186 294.4835205078125 6.4910523891448975
187 288.0519714355469 6.528669118881226
188 276.6683654785156 6.569504737854004
189 286.0736999511719 6.605878829956055
190 269.3436584472656 6.643882751464844
191 268.1917724609375 6.680943727493286
192 291.7095947265625 6.721611022949219
193 297.3841552734375 6.758097887039185
194 275.8174133300781 6.7958691120147705
195 286.16180419921875 6.833226203918457
196 298.932861328125 6.869953632354736
197 284.06793212890625 6.906193971633911
198 291.2022399902344 6.945045471191406
199 285.9024658203125 6.981141090393066
200 265.6410827636719 7.021507501602173
201 285.17596435546875 7.0608179569244385
202 272.1662902832031 7.096742153167725
203 268.971435546875 7.136754989624023
204 282.999267578125 7.175075531005859
205 277.5567932128906 7.213162660598755
206 279.76470947265625 7.252472400665283
207 282.8059997558594 7.292278528213501
208 278.09326171875 7.331699848175049
209 290.9514465332031 7.368375062942505
210 260.73150634765625 7.406296014785767
211 262.1727600097656 7.447559595108032
212 263.4981384277344 7.4841978549957275
213 275.18133544921875 7.523641109466553
214 291.9234313964844 7.5633225440979
215 270.8221740722656 7.602729320526123
216 273.6767578125 7.640689373016357
217 272.4963684082031 7.683570623397827
218 277.2020263671875 7.719916105270386
219 276.1650085449219 7.759577751159668
220 256.6820068359375 7.799893379211426
221 270.0113220214844 7.838119745254517
222 289.6778259277344 7.874188423156738
223 274.53692626953125 7.914683818817139
224 272.6034240722656 7.953599691390991
225 275.1452331542969 7.99580979347229
226 284.2408752441406 8.034294366836548
227 266.6931457519531 8.075888872146606
228 275.2821044921875 8.119990825653076
229 278.4885559082031 8.161250114440918
230 266.31243896484375 8.203283548355103
231 268.94781494140625 8.242157220840454
232 264.57489013671875 8.279634237289429
233 274.3243713378906 8.3205087184906
234 290.6499938964844 8.359370708465576
235 277.2914123535156 8.402915239334106
236 270.8208923339844 8.44371771812439
237 280.9064636230469 8.486050844192505
238 273.6398010253906 8.523786783218384
239 264.8781433105469 8.567098140716553
240 272.2335205078125 8.6067373752594
241 259.8367004394531 8.647224187850952
242 259.1024475097656 8.691787004470825
243 271.72540283203125 8.731072664260864
244 278.25738525390625 8.775112867355347
245 281.5954895019531 8.811829566955566
246 264.14837646484375 8.85086727142334
247 265.3646240234375 8.89024806022644
248 275.93994140625 8.929429531097412
249 265.3156433105469 8.971392154693604
250 264.3271179199219 9.010700464248657
251 272.0302429199219 9.05184030532837
252 276.9407653808594 9.097321033477783
253 269.0518493652344 9.149550914764404
254 270.9342956542969 9.194178581237793
255 267.1205749511719 9.245278120040894
256 262.080810546875 9.391891717910767
257 245.42819213867188 9.436137914657593
258 249.160888671875 9.481171607971191
259 253.96591186523438 9.530582904815674
260 269.5777282714844 9.57764482498169
261 262.9517822265625 9.62333345413208
262 259.9295349121094 9.672004699707031
263 262.06829833984375 9.719778299331665
264 264.57171630859375 9.76564908027649
265 258.1622314453125 9.811187744140625
266 278.20965576171875 9.857704401016235
267 265.3800048828125 9.903585433959961
268 265.7597351074219 9.948633909225464
269 254.6255340576172 9.995731115341187
270 255.93441772460938 10.045674800872803
271 247.26318359375 10.0946786403656
272 257.56500244140625 10.139985084533691
273 278.0663757324219 10.184800386428833
274 258.0849609375 10.230153799057007
275 259.6783142089844 10.272915840148926
276 261.44427490234375 10.31554627418518
277 248.86720275878906 10.35829496383667
278 268.9004821777344 10.397789716720581
279 247.93777465820312 10.438791513442993
280 253.0626983642578 10.484842777252197
281 236.1058807373047 10.526629209518433
282 277.1231994628906 10.56604290008545
283 254.71502685546875 10.605690956115723
284 270.4135437011719 10.646964311599731
285 263.35479736328125 10.68596339225769
286 249.95657348632812 10.727465867996216
287 261.0438537597656 10.771028995513916
288 257.5146179199219 10.813339471817017
289 242.3581085205078 10.85512924194336
290 247.96481323242188 10.898898363113403
291 242.1685333251953 10.942129850387573
292 240.50440979003906 10.985382556915283
293 259.4287109375 11.02280068397522
294 255.58518981933594 11.062815427780151
295 248.6879119873047 11.107297420501709
296 258.5641174316406 11.14985179901123
297 258.0035705566406 11.195188522338867
298 262.0794372558594 11.235260009765625
299 265.6461486816406 11.273895740509033
300 243.88172912597656 11.319507122039795
301 254.11705017089844 11.360328674316406
302 245.29869079589844 11.40377140045166
303 250.29354858398438 11.448917388916016
304 245.89480590820312 11.492982387542725
305 253.33938598632812 11.535202503204346
306 239.31216430664062 11.57837986946106
307 248.74546813964844 11.622563600540161
308 256.2063903808594 11.667312383651733
309 247.18397521972656 11.70893383026123
310 254.00457763671875 11.756555318832397
311 235.83889770507812 11.801214694976807
312 234.9838409423828 11.849762201309204
313 266.45062255859375 11.894757270812988
314 253.378662109375 11.940881967544556
315 253.50697326660156 11.99014139175415
316 239.15386962890625 12.035974740982056
317 248.2002716064453 12.08193564414978
318 245.4685516357422 12.130151748657227
319 236.56039428710938 12.176354169845581
320 226.37020874023438 12.226417541503906
321 250.35328674316406 12.271672248840332
322 244.6537628173828 12.316327333450317
323 245.82215881347656 12.358613729476929
324 231.1584014892578 12.402821779251099
325 243.7506866455078 12.442723512649536
326 238.87518310546875 12.488741397857666
327 232.79368591308594 12.533709526062012
328 230.3601837158203 12.57837200164795
329 225.98927307128906 12.624408483505249
330 249.70944213867188 12.668945550918579
331 229.53607177734375 12.712026596069336
332 244.9688720703125 12.757494926452637
333 246.8785858154297 12.802279233932495
334 254.6050567626953 12.843763589859009
335 228.86268615722656 12.888437032699585
336 243.2270050048828 12.933027744293213
337 240.87042236328125 12.97691297531128
338 225.6747283935547 13.02098274230957
339 238.24542236328125 13.065044164657593
340 236.7417449951172 13.111839771270752
341 235.7367706298828 13.156230449676514
342 248.21893310546875 13.201528072357178
343 229.49484252929688 13.246314525604248
344 238.50889587402344 13.292981624603271
345 232.20069885253906 13.340721607208252
346 238.14585876464844 13.383262872695923
347 233.4271240234375 13.429035186767578
348 230.26051330566406 13.473544597625732
349 224.17782592773438 13.51749587059021
350 239.7037811279297 13.56146240234375
351 256.9016418457031 13.60606336593628
352 240.19546508789062 13.653018712997437
353 216.04891967773438 13.70229172706604
354 228.0930633544922 13.747958898544312
355 227.06683349609375 13.795706987380981
356 252.3712921142578 13.839374303817749
357 225.2484588623047 13.881522178649902
358 229.2672119140625 13.92632007598877
359 234.63800048828125 13.97285509109497
360 220.70750427246094 14.017483472824097
361 231.0615234375 14.06411361694336
362 230.8082275390625 14.108150959014893
363 231.1260528564453 14.15360713005066
364 226.631591796875 14.19765019416809
365 229.84373474121094 14.241766214370728
366 237.72166442871094 14.287113666534424
367 244.28208923339844 14.335824012756348
368 231.16822814941406 14.380810499191284
369 231.64163208007812 14.428336143493652
370 226.81442260742188 14.473103046417236
371 238.45899963378906 14.519370555877686
372 225.56283569335938 14.564926147460938
373 245.364990234375 14.609385013580322
374 220.5242156982422 14.65882682800293
375 222.8447723388672 14.703537225723267
376 226.40444946289062 14.751729488372803
377 226.95726013183594 14.798548698425293
378 230.39100646972656 14.845530986785889
379 212.17445373535156 14.893464088439941
380 221.09732055664062 14.94267201423645
381 234.02676391601562 14.988590478897095
382 227.82839965820312 15.03627610206604
383 244.24710083007812 15.082240104675293
384 231.78707885742188 15.130390644073486
385 218.92372131347656 15.1795175075531
386 221.17945861816406 15.2268705368042
387 214.4282989501953 15.275021314620972
388 233.79879760742188 15.321623086929321
389 226.53746032714844 15.362794876098633
390 214.828369140625 15.410932302474976
391 229.2851104736328 15.458378791809082
392 232.65179443359375 15.503178834915161
393 232.2314453125 15.550551414489746
394 212.74554443359375 15.599408149719238
395 231.5129852294922 15.642457246780396
396 221.8522491455078 15.68810486793518
397 229.3172149658203 15.735342741012573
398 217.508056640625 15.779987573623657
399 219.0768585205078 15.824980735778809
400 227.5717315673828 15.872707605361938
401 215.69036865234375 15.919681310653687
402 216.7195281982422 15.968081712722778
403 218.12698364257812 16.016510725021362
404 227.41415405273438 16.063223361968994
405 222.1968536376953 16.1112539768219
406 234.99440002441406 16.159488677978516
407 238.05271911621094 16.203792572021484
408 227.77288818359375 16.250869512557983
409 217.2903289794922 16.29842782020569
410 221.26968383789062 16.34741473197937
411 233.28370666503906 16.393985986709595
412 228.60443115234375 16.4421226978302
413 213.36660766601562 16.491884469985962
414 221.3413543701172 16.53644371032715
415 216.703369140625 16.5822331905365
416 211.94847106933594 16.627909660339355
417 209.45086669921875 16.67893695831299
418 225.4283447265625 16.726725339889526
419 226.5785369873047 16.776450157165527
420 205.69195556640625 16.827587604522705
421 211.33294677734375 16.869754552841187
422 213.147705078125 16.92119526863098
423 207.0640411376953 16.9690945148468
424 197.6693115234375 17.01902961730957
425 228.510009765625 17.065478324890137
426 223.40208435058594 17.11659812927246
427 208.49118041992188 17.16574454307556
428 215.25267028808594 17.21619153022766
429 210.2042694091797 17.264254331588745
430 213.880126953125 17.313887357711792
431 222.3734893798828 17.363707304000854
432 212.25799560546875 17.412293910980225
433 222.2144775390625 17.463271856307983
434 220.6534423828125 17.51009702682495
435 211.30685424804688 17.560111045837402
436 220.9681396484375 17.607768535614014
437 209.1856689453125 17.6592960357666
438 219.95970153808594 17.708561658859253
439 209.47183227539062 17.76070284843445
440 213.93136596679688 17.808945417404175
441 215.77719116210938 17.858701467514038
442 212.284912109375 17.910706043243408
443 217.04127502441406 17.960763692855835
444 210.0538787841797 18.01229453086853
445 213.517333984375 18.06251049041748
446 222.19851684570312 18.11574149131775
447 212.9810333251953 18.163218021392822
448 217.68919372558594 18.211960792541504
449 211.5699920654297 18.26142716407776
450 205.12608337402344 18.31174612045288
451 224.22779846191406 18.3606698513031
452 209.12962341308594 18.40763807296753
453 211.70437622070312 18.45808482170105
454 196.33905029296875 18.508044958114624
455 212.71731567382812 18.559553861618042
456 204.1124725341797 18.607421159744263
457 204.62667846679688 18.656251430511475
458 205.46971130371094 18.708642959594727
459 206.50596618652344 18.760063648223877
460 217.2642059326172 18.80967116355896
461 219.16078186035156 18.86004328727722
462 197.75439453125 18.909115314483643
463 206.95115661621094 18.960176944732666
464 211.81460571289062 19.010359525680542
465 197.85934448242188 19.061198949813843
466 211.4121551513672 19.10785436630249
467 209.8852081298828 19.160679578781128
468 195.7232208251953 19.207719802856445
469 196.68348693847656 19.25883650779724
470 205.89315795898438 19.30974054336548
471 218.02894592285156 19.361355304718018
472 205.2837677001953 19.41141366958618
473 210.61106872558594 19.460050344467163
474 223.680419921875 19.507691860198975
475 197.9467010498047 19.55835199356079
476 208.15577697753906 19.609073162078857
477 205.17788696289062 19.66135048866272
478 203.62857055664062 19.713683366775513
479 191.9302520751953 19.763831853866577
480 200.83157348632812 19.81405544281006
481 199.7119140625 19.862709283828735
482 195.55934143066406 19.9134042263031
483 203.11309814453125 19.96327018737793
484 206.07884216308594 20.013970851898193
485 203.20700073242188 20.062552213668823
486 206.94110107421875 20.112492561340332
487 195.70599365234375 20.157214164733887
488 197.9525604248047 20.208373308181763
489 199.7696533203125 20.261021375656128
490 200.92112731933594 20.312915563583374
491 212.20591735839844 20.36280393600464
492 197.4266815185547 20.412895679473877
493 208.8670196533203 20.46809411048889
494 207.5987548828125 20.520046710968018
495 208.8702392578125 20.56538152694702
496 208.59556579589844 20.616230964660645
497 190.6726531982422 20.663694143295288
498 200.27284240722656 20.714825868606567
499 204.5979461669922 20.76497220993042
500 201.25027465820312 20.81760597229004
501 196.68270874023438 20.869760036468506
502 201.0970916748047 20.923194646835327
503 203.50323486328125 20.9750018119812
504 198.0342559814453 21.024930238723755
505 211.63768005371094 21.07652473449707
506 204.63870239257812 21.124369859695435
507 202.6575469970703 21.176432132720947
508 206.19667053222656 21.225692749023438
509 205.15362548828125 21.274540662765503
510 196.56735229492188 21.324702739715576
511 192.7869110107422 21.37917685508728
512 197.3471221923828 21.428257942199707
513 197.5684814453125 21.481483459472656
514 206.91053771972656 21.53183341026306
515 199.8720245361328 21.585222721099854
516 199.06101989746094 21.637075662612915
517 202.83831787109375 21.688127517700195
518 196.92474365234375 21.738449573516846
519 196.59518432617188 21.790918588638306
520 205.90846252441406 21.843704223632812
521 190.75010681152344 21.89738655090332
522 182.26885986328125 21.949443340301514
523 198.3869171142578 21.99997115135193
524 198.75 22.04387593269348
525 193.86669921875 22.095085859298706
526 190.3680877685547 22.147836923599243
527 188.96075439453125 22.199042081832886
528 205.03887939453125 22.24933123588562
529 189.7770538330078 22.300987720489502
530 177.2567901611328 22.354045867919922
531 195.0525360107422 22.405189275741577
532 195.8189239501953 22.45889186859131
533 197.92730712890625 22.51113510131836
534 198.13255310058594 22.563061714172363
535 192.90469360351562 22.61419153213501
536 196.92002868652344 22.664011478424072
537 190.71510314941406 22.71672558784485
538 192.6869354248047 22.76943564414978
539 201.7633514404297 22.822505474090576
540 189.18475341796875 22.87464714050293
541 195.46336364746094 22.925974369049072
542 195.29090881347656 22.97764825820923
543 193.6469268798828 23.030252695083618
544 193.67767333984375 23.082282781600952
545 211.79904174804688 23.13155245780945
546 189.52696228027344 23.18642520904541
547 192.4146728515625 23.238369703292847
548 197.31959533691406 23.291265726089478
549 181.46900939941406 23.339166164398193
550 194.12966918945312 23.3841233253479
551 180.6033935546875 23.432398796081543
552 187.46376037597656 23.479419469833374
553 196.0825958251953 23.524783611297607
554 181.93307495117188 23.575806856155396
555 188.2711944580078 23.62894916534424
556 189.51870727539062 23.679548740386963
557 191.47756958007812 23.728865146636963
558 181.75782775878906 23.78075861930847
559 206.20887756347656 23.831835508346558
560 181.1011199951172 23.882263660430908
561 189.21974182128906 23.932306051254272
562 192.92405700683594 23.985795259475708
563 188.61302185058594 24.036643266677856
564 188.90782165527344 24.08640956878662
565 187.60472106933594 24.13847017288208
566 190.94578552246094 24.18756866455078
567 179.8419189453125 24.241360187530518
568 187.00308227539062 24.290691137313843
569 177.68161010742188 24.34365701675415
570 178.7449493408203 24.392642498016357
571 189.6927032470703 24.4392831325531
572 183.94619750976562 24.492828607559204
573 204.70541381835938 24.54452347755432
574 180.61227416992188 24.59879493713379
575 185.6940460205078 24.650712251663208
576 189.3926239013672 24.70000910758972
577 173.76272583007812 24.75571322441101
578 190.30032348632812 24.80807614326477
579 194.9076690673828 24.860193252563477
580 176.5309295654297 24.91342520713806
581 195.61129760742188 24.961650371551514
582 180.43653869628906 25.01354670524597
583 203.3457489013672 25.065794229507446
584 189.88815307617188 25.117945671081543
585 186.36497497558594 25.168595552444458
586 189.41571044921875 25.21867847442627
587 182.72085571289062 25.272902965545654
588 186.06576538085938 25.32481575012207
589 182.1295166015625 25.37749218940735
590 179.9949188232422 25.42631220817566
591 166.43145751953125 25.477355480194092
592 186.7169189453125 25.528605699539185
593 191.72683715820312 25.581154108047485
594 182.09278869628906 25.63484477996826
595 177.15684509277344 25.68640685081482
596 189.94256591796875 25.74010467529297
597 184.08407592773438 25.792950868606567
598 186.0336151123047 25.842726707458496
599 184.180908203125 25.89377999305725
600 182.51205444335938 25.945822715759277
601 182.43321228027344 25.996392250061035
602 178.52598571777344 26.051960468292236
603 170.48216247558594 26.10465693473816
604 180.3791961669922 26.157559871673584
605 174.70408630371094 26.20983099937439
606 170.0675048828125 26.264395475387573
607 186.16400146484375 26.318681955337524
608 176.47079467773438 26.371763944625854
609 188.4517822265625 26.425040245056152
610 168.77606201171875 26.479008197784424
611 182.23892211914062 26.532719612121582
612 182.3189697265625 26.58587884902954
613 178.89845275878906 26.63990092277527
614 174.35330200195312 26.69497323036194
615 172.00140380859375 26.7467999458313
616 176.92776489257812 26.7966628074646
617 187.1818389892578 26.846286296844482
618 180.5032196044922 26.8955397605896
619 169.1973876953125 26.94629979133606
620 175.21563720703125 26.999162435531616
621 182.676513671875 27.053902626037598
622 171.57894897460938 27.107587814331055
623 166.1863250732422 27.16223120689392
624 187.04209899902344 27.21481704711914
625 172.2524871826172 27.268770694732666
626 174.12130737304688 27.31722378730774
627 192.45297241210938 27.371588468551636
628 177.2174835205078 27.422628164291382
629 171.67965698242188 27.477246284484863
630 167.12193298339844 27.531272649765015
631 170.94918823242188 27.581494092941284
632 181.8041229248047 27.632068157196045
633 160.7488555908203 27.68358278274536
634 173.31846618652344 27.735944747924805
635 182.4295196533203 27.785314321517944
636 166.9488525390625 27.835134267807007
637 173.74754333496094 27.88600993156433
638 184.14398193359375 27.93770122528076
639 162.31747436523438 27.99325203895569
640 163.6269989013672 28.04593014717102
641 176.8666229248047 28.094897031784058
642 178.49365234375 28.14743733406067
643 183.41806030273438 28.19823122024536
644 176.5189208984375 28.249212741851807
645 171.33506774902344 28.298505306243896
646 169.13461303710938 28.35243034362793
647 170.4329833984375 28.403356790542603
648 166.6634979248047 28.452826261520386
649 180.27125549316406 28.507117986679077
650 181.52281188964844 28.56097960472107
651 177.42477416992188 28.612162113189697
652 174.98428344726562 28.666577100753784
653 181.35006713867188 28.71827793121338
654 171.74029541015625 28.769872426986694
655 165.74649047851562 28.823906898498535
656 167.4733123779297 28.8782742023468
657 177.8213653564453 28.930843353271484
658 179.8859100341797 28.985816717147827
659 167.01898193359375 29.039125204086304
660 175.8923797607422 29.086766958236694
661 166.5736846923828 29.13955545425415
662 171.15341186523438 29.190956830978394
663 180.01950073242188 29.246302604675293
664 177.2640838623047 29.30226230621338
665 166.83206176757812 29.35783553123474
666 173.4577178955078 29.41214394569397
667 180.44287109375 29.463858604431152
668 179.04078674316406 29.518024444580078
669 175.96893310546875 29.569498538970947
670 164.81130981445312 29.623649835586548
671 162.29736328125 29.676599979400635
672 162.40353393554688 29.730663776397705
673 167.74192810058594 29.78450298309326
674 175.15081787109375 29.834496021270752
675 173.23721313476562 29.888596534729004
676 154.41619873046875 29.944607496261597
677 168.329345703125 29.996873378753662
678 170.48219299316406 30.04649019241333
679 177.85903930664062 30.097754955291748
680 170.60585021972656 30.14928436279297
681 158.0343780517578 30.203717470169067
682 168.26821899414062 30.257898807525635
683 172.70285034179688 30.307971477508545
684 165.88333129882812 30.357749700546265
685 167.86862182617188 30.410821676254272
686 168.9106903076172 30.460550546646118
687 171.4697723388672 30.51030945777893
688 178.7232208251953 30.563421487808228
689 164.3397979736328 30.61492347717285
690 174.00521850585938 30.670384645462036
691 169.1396026611328 30.720330238342285
692 157.59788513183594 30.769726276397705
693 158.5083770751953 30.818653345108032
694 167.15042114257812 30.877385139465332
695 168.6099090576172 30.92738938331604
696 163.22247314453125 30.975967168807983
697 160.87025451660156 31.02764868736267
698 160.9003143310547 31.08019256591797
699 168.2469940185547 31.132018089294434
700 160.58718872070312 31.185654640197754
701 164.13272094726562 31.234752893447876
702 170.5009765625 31.28466534614563
703 160.47055053710938 31.339219331741333
704 159.01576232910156 31.394596099853516
705 168.53399658203125 31.448161363601685
706 156.0441436767578 31.50292658805847
707 159.8001251220703 31.5541672706604
708 166.15940856933594 31.606716632843018
709 168.228515625 31.660341024398804
710 160.53466796875 31.713802099227905
711 166.94700622558594 31.768471479415894
712 160.35621643066406 31.824483394622803
713 167.01246643066406 31.880218267440796
714 172.0819091796875 31.92902898788452
715 164.37600708007812 31.981886625289917
716 163.75079345703125 32.03420114517212
717 162.43087768554688 32.08178400993347
718 156.7774658203125 32.130825996398926
719 158.00218200683594 32.180890798568726
720 158.67715454101562 32.23614573478699
721 160.1993408203125 32.29225540161133
722 168.26055908203125 32.34577512741089
723 152.12109375 32.40200352668762
724 159.06033325195312 32.45469665527344
725 162.4518280029297 32.510945558547974
726 163.145263671875 32.56277132034302
727 158.4681854248047 32.614418268203735
728 157.93179321289062 32.66499996185303
729 159.3973388671875 32.71515941619873
730 166.4931182861328 32.76885747909546
731 161.8565216064453 32.82494568824768
732 152.004638671875 32.874980211257935
733 156.61109924316406 32.928876638412476
734 155.25460815429688 32.979421615600586
735 156.35235595703125 33.02779531478882
736 147.34164428710938 33.075403928756714
737 155.5313720703125 33.12588715553284
738 149.5120086669922 33.17769765853882
739 159.92771911621094 33.226916551589966
740 152.59771728515625 33.28005623817444
741 160.99740600585938 33.32785367965698
742 157.0347900390625 33.38204646110535
743 159.63189697265625 33.429086685180664
744 161.19020080566406 33.47963094711304
745 166.01727294921875 33.52949929237366
746 161.19696044921875 33.58094763755798
747 154.42535400390625 33.62920928001404
748 162.3681640625 33.68343472480774
749 164.07034301757812 33.732566356658936
750 150.76071166992188 33.782084465026855
751 158.24415588378906 33.83277750015259
752 161.71290588378906 33.88302803039551
753 155.98060607910156 33.93151807785034
754 159.3968048095703 33.984243631362915
755 153.00457763671875 34.03613352775574
756 150.9780731201172 34.090370416641235
757 156.22006225585938 34.144108295440674
758 157.7096710205078 34.19745230674744
759 147.2694549560547 34.246127128601074
760 155.89419555664062 34.300031661987305
761 158.70458984375 34.353715658187866
762 146.84539794921875 34.407185077667236
763 170.32020568847656 34.46100831031799
764 160.51544189453125 34.51286721229553
765 150.27362060546875 34.56511187553406
766 150.39759826660156 34.61858534812927
767 158.40032958984375 34.67297315597534
768 151.61087036132812 34.72514581680298
769 158.93243408203125 34.7772262096405
770 149.16395568847656 34.829134941101074
771 157.48590087890625 34.88177251815796
772 146.5508270263672 34.93381404876709
773 164.91302490234375 34.98418354988098
774 158.67958068847656 35.03977084159851
775 153.09603881835938 35.09250807762146
776 148.52464294433594 35.14722037315369
777 155.0055389404297 35.196513175964355
778 157.3538818359375 35.2497878074646
779 157.37188720703125 35.30526638031006
780 152.16668701171875 35.35383486747742
781 146.79273986816406 35.4063036441803
782 143.23538208007812 35.458460092544556
783 155.40707397460938 35.51161813735962
784 146.0703887939453 35.56329274177551
785 153.36268615722656 35.615498065948486
786 147.28970336914062 35.66955327987671
787 152.1219482421875 35.722347021102905
788 157.13723754882812 35.77458834648132
789 149.56289672851562 35.82633590698242
790 157.0298309326172 35.87738370895386
791 164.3496856689453 35.92869210243225
792 166.54522705078125 35.97866129875183
793 158.6668701171875 36.03384590148926
794 152.96649169921875 36.0853431224823
795 145.47695922851562 36.135807037353516
796 145.53033447265625 36.18667531013489
797 152.3466796875 36.23991322517395
798 147.29856872558594 36.289814949035645
799 146.20140075683594 36.34554386138916
800 152.51214599609375 36.39519429206848
801 152.8271942138672 36.45133399963379
802 155.11204528808594 36.503583669662476
803 143.17401123046875 36.55473613739014
804 150.13888549804688 36.60628032684326
805 143.13565063476562 36.657118797302246
806 157.11550903320312 36.70975112915039
807 148.47865295410156 36.763853788375854
808 151.73365783691406 36.81294631958008
809 150.98008728027344 36.85986137390137
810 156.64451599121094 36.91177582740784
811 144.86805725097656 36.962791442871094
812 150.40548706054688 37.01744198799133
813 149.38824462890625 37.07021474838257
814 154.47549438476562 37.121588945388794
815 137.6393280029297 37.173506021499634
816 155.1995391845703 37.22822666168213
817 149.34275817871094 37.28088450431824
818 145.4503936767578 37.33041763305664
819 153.12423706054688 37.38160276412964
820 152.7469024658203 37.4306435585022
821 145.01223754882812 37.481176137924194
822 143.3358612060547 37.53279185295105
823 144.2826690673828 37.58549356460571
824 147.02198791503906 37.63521766662598
825 147.68899536132812 37.689335346221924
826 151.7769775390625 37.74153661727905
827 149.21893310546875 37.7923948764801
828 140.239013671875 37.84264945983887
829 149.06201171875 37.896214723587036
830 148.06825256347656 37.94845795631409
831 152.87977600097656 38.00085139274597
832 144.45523071289062 38.0540554523468
833 145.60064697265625 38.10525298118591
834 144.20486450195312 38.15488886833191
835 138.39146423339844 38.20956349372864
836 149.15460205078125 38.25859093666077
837 147.76443481445312 38.31145620346069
838 143.80661010742188 38.36369276046753
839 134.87306213378906 38.4151246547699
840 142.5283660888672 38.4655179977417
841 141.6298065185547 38.51590657234192
842 147.71597290039062 38.56770944595337
843 154.20436096191406 38.618725538253784
844 146.7926025390625 38.669413805007935
845 131.95950317382812 38.71962594985962
846 148.32757568359375 38.770806074142456
847 142.0902557373047 38.82329440116882
848 145.4699249267578 38.87400031089783
849 144.3675994873047 38.93157362937927
850 146.6901092529297 38.994330167770386
851 142.46900939941406 39.077736616134644
852 147.80194091796875 39.165040254592896
853 145.2769775390625 39.25352883338928
854 138.30026245117188 39.37809133529663
855 147.39073181152344 39.455522775650024
856 154.14810180664062 39.52354884147644
857 146.40261840820312 39.57939791679382
858 148.723388671875 39.63491988182068
859 146.57171630859375 39.69243836402893
860 137.07217407226562 39.74791598320007
861 130.67880249023438 39.80364942550659
862 140.487548828125 39.862709045410156
863 144.4451904296875 39.93255925178528
864 145.62921142578125 40.00790333747864
865 141.88279724121094 40.08225464820862
866 138.64170837402344 40.15454602241516
867 138.5209503173828 40.22724628448486
868 150.50787353515625 40.29865384101868
869 143.62933349609375 40.37605404853821
870 150.12396240234375 40.45296263694763
871 143.23146057128906 40.52991199493408
872 143.6516571044922 40.60502362251282
873 144.45262145996094 40.68230605125427
874 144.29452514648438 40.755110025405884
875 135.47421264648438 40.82816481590271
876 143.21742248535156 40.90167999267578
877 152.67626953125 40.97333884239197
878 142.79893493652344 41.04565382003784
879 131.91346740722656 41.119195222854614
880 138.64559936523438 41.19265007972717
881 153.32064819335938 41.26701354980469
882 139.1836395263672 41.34418439865112
883 133.2517547607422 41.41924834251404
884 135.80703735351562 41.49798250198364
885 133.9550323486328 41.571759939193726
886 130.532958984375 41.64679956436157
887 150.0751495361328 41.722740173339844
888 155.2454376220703 41.80004072189331
889 139.10855102539062 41.876280784606934
890 137.36085510253906 41.94861817359924
891 143.3500213623047 42.02469778060913
892 133.95208740234375 42.09843611717224
893 142.48829650878906 42.17340421676636
894 148.4147186279297 42.249184370040894
895 140.3503875732422 42.32387137413025
896 140.56686401367188 42.39726185798645
897 136.77247619628906 42.47280979156494
898 135.17970275878906 42.54833960533142
899 127.84027099609375 42.62177562713623
900 142.47451782226562 42.69437527656555
901 145.4064483642578 42.770265340805054
902 141.77569580078125 42.846537590026855
903 139.8166046142578 42.92248201370239
904 134.8629150390625 42.99792122840881
905 138.921630859375 43.074363470077515
906 141.4181365966797 43.14963698387146
907 138.14306640625 43.2215895652771
908 133.77505493164062 43.29747176170349
909 137.16131591796875 43.372801303863525
910 142.44573974609375 43.4477756023407
911 146.01882934570312 43.52494955062866
912 135.90118408203125 43.596869707107544
913 144.3092498779297 43.67027020454407
914 136.50357055664062 43.743311405181885
915 141.15248107910156 43.81636381149292
916 132.13134765625 43.88955855369568
917 136.37313842773438 43.96574521064758
918 141.7008819580078 44.03822708129883
919 144.9911651611328 44.11211633682251
920 139.4495086669922 44.187002182006836
921 136.49073791503906 44.25960302352905
922 131.5426025390625 44.33469486236572
923 132.94412231445312 44.41012167930603
924 136.6437530517578 44.48398470878601
925 129.31224060058594 44.56053566932678
926 133.94613647460938 44.63559865951538
927 127.77777862548828 44.71523714065552
928 136.04251098632812 44.789379596710205
929 138.82225036621094 44.862748861312866
930 136.60311889648438 44.935611724853516
931 137.50320434570312 45.00827407836914
932 134.6724090576172 45.08483672142029
933 131.97544860839844 45.157639026641846
934 128.93836975097656 45.23690462112427
935 128.20999145507812 45.313517570495605
936 135.96279907226562 45.38798713684082
937 133.6781463623047 45.462748527526855
938 134.86895751953125 45.53934931755066
939 128.2560577392578 45.61827635765076
940 133.22120666503906 45.69239521026611
941 131.23773193359375 45.76586723327637
942 135.30242919921875 45.840391874313354
943 136.39453125 45.91428756713867
944 144.01754760742188 45.98994064331055
945 119.0064926147461 46.067511320114136
946 136.23611450195312 46.141138792037964
947 132.2173614501953 46.215208530426025
948 133.52621459960938 46.29101324081421
949 131.92030334472656 46.36463689804077
950 135.6371307373047 46.44315457344055
951 133.8479766845703 46.51756167411804
952 132.6513214111328 46.59331822395325
953 132.2943572998047 46.67053437232971
954 132.88003540039062 46.7481529712677
955 128.20989990234375 46.82475233078003
956 124.48619842529297 46.89753818511963
957 130.0583038330078 46.97494077682495
958 135.9747314453125 47.04831290245056
959 126.61311340332031 47.123345375061035
960 128.4024658203125 47.198914766311646
961 126.95958709716797 47.273463010787964
962 134.94717407226562 47.34454607963562
963 136.56292724609375 47.419753551483154
964 132.21212768554688 47.49651527404785
965 127.7489242553711 47.57305121421814
966 132.860107421875 47.647987604141235
967 136.21530151367188 47.721840381622314
968 125.43054962158203 47.79529523849487
969 131.73773193359375 47.87590408325195
970 132.90667724609375 47.95122933387756
971 133.64598083496094 48.02399730682373
972 133.14938354492188 48.099705934524536
973 135.17657470703125 48.17452430725098
974 133.97525024414062 48.249730825424194
975 129.55007934570312 48.32563900947571
976 132.39401245117188 48.400081157684326
977 123.9924087524414 48.476176738739014
978 121.67110443115234 48.5494270324707
979 127.46548461914062 48.6234815120697
980 128.878662109375 48.69946599006653
981 131.2082061767578 48.77458095550537
982 123.06055450439453 48.8487184047699
983 126.63346099853516 48.92706799507141
984 136.4958038330078 48.99955677986145
985 123.55398559570312 49.07510042190552
986 131.4966278076172 49.150787115097046
987 123.68718719482422 49.223132610321045
988 125.07781219482422 49.29834270477295
989 120.85379028320312 49.374213218688965
990 118.5478744506836 49.452213287353516
991 124.83869171142578 49.52989482879639
992 127.20822143554688 49.60261392593384
993 126.82583618164062 49.67883920669556
994 123.71465301513672 49.75255370140076
995 124.96709442138672 49.82370066642761
996 126.9422836303711 49.89917349815369
997 128.43922424316406 49.974937438964844
998 128.02908325195312 50.05113482475281
999 128.7981719970703 50.12683367729187
1000 126.43592834472656 50.20166778564453
1001 124.60535430908203 50.27519917488098
1002 128.88531494140625 50.34808659553528
1003 129.4780731201172 50.42450571060181
1004 122.11421966552734 50.49942874908447
1005 120.80831146240234 50.576096296310425
1006 127.38956451416016 50.65273070335388
1007 123.61759948730469 50.729459285736084
1008 122.61538696289062 50.80554127693176
1009 122.25454711914062 50.87823414802551
1010 136.08128356933594 50.95618963241577
1011 124.43328857421875 51.0315477848053
1012 118.57145690917969 51.10848379135132
1013 129.12701416015625 51.184459924697876
1014 124.20353698730469 51.25797891616821
1015 122.01616668701172 51.3339262008667
1016 136.87307739257812 51.40925598144531
1017 118.96754455566406 51.483165979385376
1018 131.31027221679688 51.5574848651886
1019 127.9256362915039 51.6305570602417
1020 123.35604095458984 51.70771288871765
1021 125.0556869506836 51.78348898887634
1022 133.96490478515625 51.85874962806702
1023 125.86388397216797 51.936381340026855
1024 119.29118347167969 52.01171541213989
1025 120.22491455078125 52.08799743652344
1026 123.6640625 52.16485857963562
1027 122.74334716796875 52.23788404464722
1028 126.62386322021484 52.314741373062134
1029 119.7880630493164 52.38918328285217
1030 125.15110778808594 52.46714925765991
1031 128.4506378173828 52.543137550354004
1032 127.65567016601562 52.61813831329346
1033 132.92848205566406 52.692827224731445
1034 127.14508819580078 52.767860651016235
1035 131.13589477539062 52.83957862854004
1036 125.4736557006836 52.91436958312988
1037 122.5970230102539 52.98922252655029
1038 124.65595245361328 53.065820932388306
1039 122.8990478515625 53.141401052474976
1040 123.35789489746094 53.21692895889282
1041 120.0272216796875 53.29530143737793
1042 121.93457794189453 53.37227535247803
1043 120.74867248535156 53.44793915748596
1044 120.85155487060547 53.523364305496216
1045 121.10132598876953 53.59755802154541
1046 122.88682556152344 53.675180196762085
1047 140.3262176513672 53.7502818107605
