0 283.06787109375 0.15692901611328125
1 276.47845458984375 0.2012474536895752
2 290.5361633300781 0.24569463729858398
3 261.79071044921875 0.2907748222351074
4 259.10076904296875 0.33698272705078125
5 270.4158630371094 0.38214564323425293
6 283.7668762207031 0.426835298538208
7 262.51300048828125 0.47286462783813477
8 266.52099609375 0.5193846225738525
9 261.0242004394531 0.5646471977233887
10 269.6159362792969 0.6100387573242188
11 296.66455078125 0.6570456027984619
12 269.6957092285156 0.7035822868347168
13 250.28150939941406 0.7494709491729736
14 267.9231262207031 0.7948729991912842
15 260.1328125 0.8420019149780273
16 260.8558349609375 0.8883986473083496
17 261.8557434082031 0.9358172416687012
18 263.2693176269531 0.9815235137939453
19 254.95628356933594 1.0285961627960205
20 257.6514892578125 1.0760016441345215
21 269.5585632324219 1.1223585605621338
22 271.4350891113281 1.1677350997924805
23 270.1007080078125 1.2156431674957275
24 261.0343933105469 1.2639141082763672
25 261.70184326171875 1.309885025024414
26 276.2818908691406 1.3563601970672607
27 262.5881652832031 1.4052691459655762
28 266.36871337890625 1.4543182849884033
29 265.9527587890625 1.501821756362915
30 260.6669616699219 1.5490128993988037
31 268.52069091796875 1.5976204872131348
32 284.4647521972656 1.643357276916504
33 250.95068359375 1.690638780593872
34 253.6629638671875 1.7387959957122803
35 267.5602111816406 1.7848224639892578
36 272.0287170410156 1.8308289051055908
37 261.11944580078125 1.8779234886169434
38 259.4012451171875 1.9243783950805664
39 284.8436584472656 1.9721450805664062
40 255.96893310546875 2.021298408508301
41 253.32102966308594 2.0675196647644043
42 251.59109497070312 2.1153452396392822
43 259.14337158203125 2.1640734672546387
44 259.0334167480469 2.2101030349731445
45 264.8564147949219 2.2588508129119873
46 263.9463806152344 2.3079514503479004
47 266.7105712890625 2.3562850952148438
48 266.6058349609375 2.403017044067383
49 265.7302551269531 2.447984218597412
50 255.7921142578125 2.4961490631103516
51 263.0694885253906 2.5430357456207275
52 248.27957153320312 2.5891926288604736
53 274.8927917480469 2.6368408203125
54 262.4530029296875 2.686664342880249
55 258.5665283203125 2.7350809574127197
56 250.70211791992188 2.7826080322265625
57 245.16116333007812 2.829986572265625
58 259.8998107910156 2.8791558742523193
59 255.96739196777344 2.9278838634490967
60 273.64788818359375 2.9757914543151855
61 260.9624938964844 3.0227673053741455
62 278.73724365234375 3.068632125854492
63 257.9318542480469 3.1168479919433594
64 263.12158203125 3.1639645099639893
65 255.21853637695312 3.2111103534698486
66 245.00454711914062 3.260190010070801
67 251.97296142578125 3.3093340396881104
68 247.0546875 3.3593990802764893
69 261.2677001953125 3.408325672149658
70 251.78782653808594 3.456005573272705
71 242.06759643554688 3.5050621032714844
72 242.9058380126953 3.5562713146209717
73 241.06471252441406 3.603867769241333
74 253.52117919921875 3.650279998779297
75 252.52877807617188 3.688174247741699
76 243.67041015625 3.7206151485443115
77 264.0665588378906 3.750077724456787
78 246.26547241210938 3.7829983234405518
79 258.2366943359375 3.815448045730591
80 246.18856811523438 3.844923496246338
81 249.07286071777344 3.8748323917388916
82 254.89822387695312 3.9041595458984375
83 256.56622314453125 3.9359004497528076
84 244.7827606201172 3.9723241329193115
85 249.5004425048828 4.010209560394287
86 230.6476593017578 4.047953128814697
87 252.37428283691406 4.085547685623169
88 263.79681396484375 4.121795892715454
89 243.75198364257812 4.161690950393677
90 242.35568237304688 4.201006889343262
91 252.90565490722656 4.239602088928223
92 249.79220581054688 4.279383420944214
93 239.05661010742188 4.320382833480835
94 226.29412841796875 4.361867904663086
95 252.504638671875 4.3981781005859375
96 251.75721740722656 4.4383392333984375
97 240.5059814453125 4.478111028671265
98 259.4376525878906 4.515280485153198
99 246.5782012939453 4.555622100830078
100 239.50343322753906 4.595662593841553
101 248.47926330566406 4.6329851150512695
102 235.51461791992188 4.674733400344849
103 243.6502227783203 4.7144670486450195
104 242.32699584960938 4.754807472229004
105 252.7157745361328 4.795755863189697
106 252.01393127441406 4.834475994110107
107 250.6619415283203 4.874496936798096
108 231.98513793945312 4.913985967636108
109 262.1527099609375 4.955699920654297
110 233.95266723632812 4.990881443023682
111 240.47276306152344 5.022258281707764
112 250.98260498046875 5.055405616760254
113 251.26864624023438 5.088531494140625
114 250.4075469970703 5.12144923210144
115 256.95404052734375 5.154762029647827
116 230.18643188476562 5.18857479095459
117 240.22117614746094 5.222933769226074
118 226.1116943359375 5.254137754440308
119 249.79432678222656 5.285315752029419
120 245.17483520507812 5.317917823791504
121 223.91134643554688 5.351113557815552
122 235.82763671875 5.384136199951172
123 232.61978149414062 5.418876886367798
124 231.06802368164062 5.453059911727905
125 240.31594848632812 5.486275672912598
126 231.90191650390625 5.518608093261719
127 257.49017333984375 5.5500102043151855
128 245.47109985351562 5.583444595336914
129 247.56039428710938 5.615108966827393
130 230.4559783935547 5.64781641960144
131 244.90386962890625 5.679163455963135
132 242.94369506835938 5.70946478843689
133 235.7829132080078 5.743201732635498
134 241.39292907714844 5.775832891464233
135 249.3067169189453 5.8075807094573975
136 239.8123321533203 5.839900255203247
137 229.19277954101562 5.873785972595215
138 238.83016967773438 5.907146453857422
139 234.54290771484375 5.940932273864746
140 237.6632537841797 5.975451946258545
141 240.2191619873047 6.010125398635864
142 228.3436279296875 6.044278144836426
143 236.3686981201172 6.075408458709717
144 237.19174194335938 6.1083502769470215
145 229.79632568359375 6.143821477890015
146 242.47801208496094 6.1788623332977295
147 235.3619842529297 6.213419675827026
148 223.5190887451172 6.248594284057617
149 255.27285766601562 6.280137300491333
150 223.71490478515625 6.316279888153076
151 241.1775665283203 6.351630687713623
152 245.43902587890625 6.387499570846558
153 225.33209228515625 6.422449111938477
154 222.91082763671875 6.456507444381714
155 237.67466735839844 6.490251064300537
156 236.21527099609375 6.525578498840332
157 234.8703155517578 6.5601866245269775
158 230.85069274902344 6.594864368438721
159 241.8125457763672 6.630391836166382
160 236.08932495117188 6.664405107498169
161 224.6844482421875 6.701502799987793
162 240.68609619140625 6.735687494277954
163 243.0110321044922 6.77000093460083
164 237.6224822998047 6.804454326629639
165 217.80995178222656 6.839623689651489
166 243.96121215820312 6.871891021728516
167 232.9681396484375 6.905954599380493
168 233.26451110839844 6.939789533615112
169 226.2435760498047 6.972460746765137
170 239.45249938964844 7.007399797439575
171 234.0961151123047 7.041939735412598
172 234.93589782714844 7.075082063674927
173 237.28814697265625 7.109382390975952
174 230.06646728515625 7.143227815628052
175 243.9081573486328 7.175637245178223
176 227.86573791503906 7.211759805679321
177 244.66134643554688 7.245477676391602
178 222.4468994140625 7.280225038528442
179 243.8370361328125 7.316159963607788
180 230.2118377685547 7.351428270339966
181 235.79315185546875 7.387276887893677
182 221.6380157470703 7.421891689300537
183 241.49440002441406 7.45536732673645
184 223.16603088378906 7.490152359008789
185 217.1240692138672 7.524382591247559
186 228.32472229003906 7.559461832046509
187 214.11427307128906 7.595031976699829
188 217.88613891601562 7.6296937465667725
189 233.57518005371094 7.665046215057373
190 223.7745361328125 7.701508283615112
191 233.46421813964844 7.735060453414917
192 225.56781005859375 7.770448446273804
193 227.6155548095703 7.803154468536377
194 217.3579864501953 7.836822509765625
195 225.5435333251953 7.872622013092041
196 221.91941833496094 7.905878067016602
197 204.68048095703125 7.940430164337158
198 223.9046630859375 7.973546743392944
199 226.71817016601562 8.008099555969238
200 216.1145782470703 8.041860818862915
201 222.03150939941406 8.081961154937744
202 223.0352020263672 8.124278545379639
203 216.1255340576172 8.161210298538208
204 231.89718627929688 8.209043264389038
205 235.06561279296875 8.283509969711304
206 238.83114624023438 8.318387508392334
207 224.70590209960938 8.356441497802734
208 227.4318389892578 8.392911672592163
209 222.24012756347656 8.429533243179321
210 219.09625244140625 8.46588134765625
211 229.40455627441406 8.500391721725464
212 217.4956512451172 8.538912534713745
213 217.50132751464844 8.576873302459717
214 227.91915893554688 8.612950325012207
215 219.6474151611328 8.648817777633667
216 231.91964721679688 8.682281494140625
217 212.8834228515625 8.717885494232178
218 218.4757537841797 8.754770755767822
219 220.83010864257812 8.790509700775146
220 211.59228515625 8.828375101089478
221 218.2266387939453 8.863549709320068
222 222.95425415039062 8.901646614074707
223 214.077880859375 8.93919587135315
224 231.082763671875 8.977643728256226
225 223.27203369140625 9.014540195465088
226 225.7988739013672 9.052798986434937
227 209.51182556152344 9.09463119506836
228 208.33642578125 9.133046627044678
229 220.83782958984375 9.168798208236694
230 216.92913818359375 9.204071283340454
231 218.36793518066406 9.24074673652649
232 214.2964324951172 9.277754545211792
233 216.43995666503906 9.315208673477173
234 221.267822265625 9.355299234390259
235 212.1120147705078 9.394755840301514
236 221.57925415039062 9.430855751037598
237 212.46995544433594 9.466170310974121
238 219.7032928466797 9.502630949020386
239 218.1967010498047 9.539197444915771
240 216.2357635498047 9.575615167617798
241 196.0147247314453 9.614048480987549
242 211.86251831054688 9.653189897537231
243 207.5995635986328 9.69269871711731
244 209.44851684570312 9.730796575546265
245 229.68629455566406 9.767268180847168
246 217.18014526367188 9.804096698760986
247 212.80223083496094 9.840157508850098
248 213.8113250732422 9.874961853027344
249 214.399658203125 9.913155555725098
250 220.86813354492188 9.952279329299927
251 208.3610382080078 9.9897301197052
252 223.6106719970703 10.028369903564453
253 215.1087188720703 10.066490173339844
254 207.80982971191406 10.103532314300537
255 221.2602996826172 10.139619827270508
256 211.28553771972656 10.176730394363403
257 208.62908935546875 10.21618914604187
258 210.86160278320312 10.255003452301025
259 213.0011444091797 10.291224956512451
260 212.38795471191406 10.328629493713379
261 215.49322509765625 10.366679191589355
262 209.59124755859375 10.403576374053955
263 207.2044219970703 10.442221403121948
264 208.22792053222656 10.479228734970093
265 226.30825805664062 10.515703916549683
266 215.1475830078125 10.554421424865723
267 213.44418334960938 10.591489791870117
268 215.82778930664062 10.628130435943604
269 208.44805908203125 10.666525602340698
270 209.09173583984375 10.703847408294678
271 213.10311889648438 10.741291999816895
272 206.23419189453125 10.780036211013794
273 207.7372283935547 10.817447662353516
274 214.67738342285156 10.855746746063232
275 200.6331787109375 10.894828796386719
276 207.3951416015625 10.932166337966919
277 201.31842041015625 10.971167802810669
278 215.70831298828125 11.00853705406189
279 208.74412536621094 11.048506021499634
280 208.06178283691406 11.08713412284851
281 210.8937530517578 11.122219324111938
282 210.98193359375 11.158171653747559
283 202.79922485351562 11.19538140296936
284 219.834228515625 11.232499837875366
285 204.00794982910156 11.271663188934326
286 215.33583068847656 11.308616161346436
287 209.9267578125 11.347796440124512
288 214.7081756591797 11.387941360473633
289 196.12777709960938 11.425114154815674
290 200.4917449951172 11.462929010391235
291 201.82305908203125 11.501832962036133
292 195.12008666992188 11.540624141693115
293 213.8206329345703 11.578331232070923
294 198.48841857910156 11.61805534362793
295 198.734619140625 11.654313325881958
296 201.58522033691406 11.692115306854248
297 196.3025665283203 11.730744361877441
298 187.50177001953125 11.770339250564575
299 190.79751586914062 11.80907154083252
300 193.9100341796875 11.849351406097412
301 198.78085327148438 11.888987302780151
302 200.3625030517578 11.927987575531006
303 202.4392547607422 11.965509414672852
304 201.78578186035156 12.003182649612427
305 206.95823669433594 12.041213512420654
306 197.98342895507812 12.077689409255981
307 203.1995391845703 12.117124319076538
308 193.59552001953125 12.157213687896729
309 202.58688354492188 12.19835901260376
310 205.80868530273438 12.236833810806274
311 199.60377502441406 12.275759220123291
312 198.40130615234375 12.312877655029297
313 200.70960998535156 12.353387117385864
314 209.16661071777344 12.39080262184143
315 195.9332733154297 12.429335117340088
316 204.92282104492188 12.469303607940674
317 195.1787567138672 12.508845806121826
318 205.3878173828125 12.547626972198486
319 197.50123596191406 12.586359977722168
320 194.36766052246094 12.625382661819458
321 193.16586303710938 12.662893772125244
322 207.16207885742188 12.699311017990112
323 193.83740234375 12.738428115844727
324 200.13339233398438 12.777947187423706
325 194.8755340576172 12.817679643630981
326 197.86001586914062 12.85620403289795
327 188.39430236816406 12.894766330718994
328 199.60386657714844 12.933403730392456
329 199.65367126464844 12.971036434173584
330 203.287353515625 13.01049017906189
331 187.50807189941406 13.048132419586182
332 193.66339111328125 13.087457656860352
333 208.50987243652344 13.127080917358398
334 189.42349243164062 13.166318655014038
335 203.40402221679688 13.205688953399658
336 208.1348419189453 13.244039297103882
337 195.28829956054688 13.283513307571411
338 188.67039489746094 13.322847604751587
339 201.07252502441406 13.363242149353027
340 196.2132110595703 13.4011070728302
341 203.63330078125 13.436627388000488
342 194.7057342529297 13.475463390350342
343 186.92584228515625 13.515224695205688
344 196.934326171875 13.555867671966553
345 201.17559814453125 13.59451937675476
346 192.5957489013672 13.632850646972656
347 189.68002319335938 13.671221017837524
348 207.726806640625 13.709590435028076
349 183.8180694580078 13.74804401397705
350 205.21270751953125 13.788288831710815
351 188.6432647705078 13.83192229270935
352 193.2083282470703 13.878787755966187
353 191.22186279296875 13.927149057388306
354 181.69296264648438 13.975757837295532
355 206.03790283203125 14.030871868133545
356 198.2443084716797 14.07472562789917
357 198.38558959960938 14.111457586288452
358 188.2040557861328 14.150276184082031
359 188.57501220703125 14.190565347671509
360 190.80218505859375 14.22977328300476
361 187.07354736328125 14.271090984344482
362 192.59437561035156 14.313646793365479
363 203.8652801513672 14.352169513702393
364 175.92193603515625 14.391597509384155
365 189.9669952392578 14.43278169631958
366 207.19546508789062 14.47099757194519
367 197.59291076660156 14.50897479057312
368 192.99659729003906 14.549737930297852
369 190.5696563720703 14.589521169662476
370 187.20440673828125 14.629206895828247
371 188.95883178710938 14.667129755020142
372 189.1934356689453 14.706644535064697
373 185.68601989746094 14.746924638748169
374 185.64706420898438 14.785659074783325
375 182.02627563476562 14.826725959777832
376 182.1402130126953 14.86660099029541
377 189.98806762695312 14.906084299087524
378 186.94403076171875 14.947611331939697
379 203.80999755859375 14.98839282989502
380 202.99354553222656 15.02713131904602
381 195.13580322265625 15.065812587738037
382 193.19017028808594 15.10393500328064
383 179.8265380859375 15.142563343048096
384 178.1209259033203 15.182539939880371
385 178.4712677001953 15.223175764083862
386 177.9683380126953 15.262700319290161
387 199.5717315673828 15.300516843795776
388 193.84063720703125 15.33998155593872
389 194.4109649658203 15.378726720809937
390 199.486328125 15.417672157287598
391 185.34336853027344 15.458295106887817
392 179.1610870361328 15.497961044311523
393 187.4130401611328 15.53661823272705
394 189.63990783691406 15.57721495628357
395 177.75338745117188 15.616849422454834
396 196.3350830078125 15.655182838439941
397 182.26963806152344 15.694290161132812
398 181.3312225341797 15.732213258743286
399 180.88084411621094 15.772154331207275
400 186.42929077148438 15.81158185005188
401 193.72845458984375 15.849439859390259
402 196.0984649658203 15.88801121711731
403 180.5162811279297 15.927109956741333
404 194.60357666015625 15.9659423828125
405 176.88394165039062 16.00689196586609
406 182.16531372070312 16.046363830566406
407 189.9707794189453 16.08720111846924
408 185.50482177734375 16.12734842300415
409 189.0667724609375 16.1657977104187
410 182.802001953125 16.20578098297119
411 181.44143676757812 16.243715524673462
412 173.6825408935547 16.284656047821045
413 197.27627563476562 16.324692249298096
414 176.4341278076172 16.363072633743286
415 191.2606658935547 16.40163278579712
416 178.9382781982422 16.437548398971558
417 188.46865844726562 16.477128267288208
418 186.64163208007812 16.516769647598267
419 184.09359741210938 16.556328535079956
420 177.95553588867188 16.59767985343933
421 176.6014404296875 16.640096187591553
422 172.52883911132812 16.680799961090088
423 189.54515075683594 16.721667051315308
424 177.53167724609375 16.761377573013306
425 179.22918701171875 16.80071520805359
426 178.32020568847656 16.841297149658203
427 189.4319305419922 16.88038921356201
428 173.1168212890625 16.92264175415039
429 190.59193420410156 16.961788654327393
430 192.99143981933594 17.000003337860107
431 175.32225036621094 17.040719270706177
432 182.43360900878906 17.07984471321106
433 169.15725708007812 17.120731830596924
434 175.216064453125 17.15761137008667
435 184.44651794433594 17.196955680847168
436 164.0545654296875 17.235775470733643
437 184.8837127685547 17.27708077430725
438 172.1956787109375 17.316899061203003
439 175.42672729492188 17.355536460876465
440 174.924072265625 17.395524978637695
441 185.42555236816406 17.434307098388672
442 193.3726348876953 17.47365117073059
443 162.78378295898438 17.51059079170227
444 179.68319702148438 17.548584461212158
445 190.21884155273438 17.584996700286865
446 169.26861572265625 17.623379230499268
447 173.20199584960938 17.662404775619507
448 182.9989776611328 17.702497959136963
449 169.8921661376953 17.740253925323486
450 188.7021942138672 17.7782142162323
451 179.5196990966797 17.818829774856567
452 173.71385192871094 17.85552406311035
453 180.30445861816406 17.898157835006714
454 190.5703125 17.939205408096313
455 178.0302734375 17.97722053527832
456 171.81793212890625 18.01619815826416
457 178.80767822265625 18.05668020248413
458 164.67349243164062 18.09633445739746
459 169.95733642578125 18.135862588882446
460 171.11253356933594 18.17423129081726
461 178.1135711669922 18.21557593345642
462 173.4728240966797 18.251976251602173
463 168.84205627441406 18.291249752044678
464 164.00025939941406 18.331098318099976
465 171.3484344482422 18.370327472686768
466 171.6290283203125 18.41039729118347
467 178.05099487304688 18.44804310798645
468 171.55865478515625 18.488954305648804
469 180.44265747070312 18.530232906341553
470 185.79434204101562 18.57042622566223
471 169.8753204345703 18.607852697372437
472 173.6350860595703 18.64737367630005
473 167.6499481201172 18.690914630889893
474 169.91567993164062 18.72774887084961
475 162.26632690429688 18.76839017868042
476 176.23756408691406 18.808265209197998
477 164.0561981201172 18.846349477767944
478 173.12425231933594 18.887390851974487
479 179.5643310546875 18.928703784942627
480 180.29745483398438 18.968353509902954
481 178.65794372558594 19.00707197189331
482 172.74642944335938 19.047097206115723
483 179.75172424316406 19.088741540908813
484 166.6414794921875 19.13033890724182
485 176.26611328125 19.171448707580566
486 177.469482421875 19.2099506855011
487 166.82920837402344 19.249276161193848
488 159.54827880859375 19.287973403930664
489 169.12286376953125 19.326070547103882
490 169.6967010498047 19.365278720855713
491 177.03121948242188 19.40803098678589
492 164.93605041503906 19.44519805908203
493 166.83457946777344 19.483783721923828
494 172.44606018066406 19.52343225479126
495 167.1993408203125 19.564453125
496 163.331787109375 19.60325813293457
497 172.63333129882812 19.642850637435913
498 179.00001525878906 19.682791233062744
499 167.40716552734375 19.720519542694092
500 165.6890106201172 19.75943112373352
501 174.70643615722656 19.799129962921143
502 169.38037109375 19.84006953239441
503 166.17416381835938 19.879056215286255
504 161.72535705566406 19.918129444122314
505 169.46751403808594 19.958251237869263
506 172.36993408203125 19.99422597885132
507 172.8670196533203 20.033743143081665
508 178.57980346679688 20.07300090789795
509 167.90103149414062 20.11126708984375
510 168.22454833984375 20.15216827392578
511 176.12901306152344 20.191272735595703
512 172.0191192626953 20.231106281280518
513 162.7828369140625 20.267807245254517
514 177.72927856445312 20.307908058166504
515 169.3142547607422 20.348527431488037
516 165.97332763671875 20.386568307876587
517 170.2815704345703 20.425967693328857
518 173.42880249023438 20.465261220932007
519 173.3790740966797 20.503936290740967
520 162.2186737060547 20.546481132507324
521 165.5885009765625 20.584327220916748
522 158.0983123779297 20.624017000198364
523 158.59027099609375 20.66374182701111
524 160.4079132080078 20.703895568847656
525 168.788330078125 20.74513530731201
526 162.73834228515625 20.78494668006897
527 161.1042938232422 20.826926231384277
528 165.2375946044922 20.863330125808716
529 165.1127471923828 20.902658462524414
530 156.0183563232422 20.942676067352295
531 166.05218505859375 20.9796462059021
532 160.5894012451172 21.019023656845093
533 162.0353240966797 21.05768394470215
534 150.97552490234375 21.09454894065857
535 159.48590087890625 21.134923696517944
536 160.42724609375 21.173245906829834
537 154.0103759765625 21.212748765945435
538 157.902099609375 21.25240659713745
539 155.51339721679688 21.29278063774109
540 159.19866943359375 21.33078169822693
541 165.07554626464844 21.368104457855225
542 165.1217803955078 21.40871262550354
543 162.4379425048828 21.44692873954773
544 163.16236877441406 21.48543691635132
545 165.82997131347656 21.52635908126831
546 154.29751586914062 21.564476013183594
547 172.18490600585938 21.601772785186768
548 155.3742218017578 21.641452074050903
549 162.89170837402344 21.679274797439575
550 164.0447235107422 21.717990159988403
551 155.91180419921875 21.759711265563965
552 152.4970703125 21.798486471176147
553 164.01980590820312 21.838402271270752
554 165.59506225585938 21.879034280776978
555 150.67015075683594 21.919869422912598
556 153.51377868652344 21.956369400024414
557 150.3210906982422 21.997685194015503
558 161.33250427246094 22.03691339492798
559 167.74452209472656 22.077328205108643
560 162.22616577148438 22.115351676940918
561 157.86212158203125 22.1546847820282
562 152.3586883544922 22.19373846054077
563 159.73162841796875 22.23273539543152
564 165.0345458984375 22.27367854118347
565 153.69883728027344 22.31222653388977
566 157.27931213378906 22.35298204421997
567 165.7199249267578 22.391758680343628
568 158.9467010498047 22.42938470840454
569 151.78887939453125 22.46932053565979
570 159.7705078125 22.507589101791382
571 167.37010192871094 22.54802656173706
572 154.2993621826172 22.587321043014526
573 153.03953552246094 22.62661838531494
574 162.4713134765625 22.66753315925598
575 158.25389099121094 22.708459615707397
576 159.93975830078125 22.74570393562317
577 154.78639221191406 22.787497758865356
578 147.09181213378906 22.827712774276733
579 155.45693969726562 22.868617057800293
580 162.088623046875 22.908497095108032
581 157.10775756835938 22.945722818374634
582 149.89866638183594 22.984885215759277
583 149.46527099609375 23.024462699890137
584 149.56800842285156 23.064254760742188
585 163.05296325683594 23.101401329040527
586 161.21070861816406 23.140273571014404
587 149.35020446777344 23.178646087646484
588 159.2265625 23.21752095222473
589 163.4757843017578 23.257001161575317
590 148.8629150390625 23.296168565750122
591 150.5729217529297 23.332077503204346
592 152.4501495361328 23.370580911636353
593 145.52833557128906 23.40971279144287
594 146.61077880859375 23.446614980697632
595 152.71282958984375 23.48627734184265
596 148.7492218017578 23.527315139770508
597 155.74005126953125 23.567757606506348
598 158.88839721679688 23.607542991638184
599 159.1515655517578 23.645580053329468
600 145.8336639404297 23.68614101409912
601 144.9204559326172 23.726837158203125
602 152.716064453125 23.76718521118164
603 149.64588928222656 23.804383039474487
604 153.43850708007812 23.842636108398438
605 154.84429931640625 23.882474660873413
606 150.94923400878906 23.920109033584595
607 155.9802703857422 23.95931053161621
608 150.2943878173828 23.998480558395386
609 159.1766815185547 24.03623104095459
610 151.30409240722656 24.076808214187622
611 136.71278381347656 24.11601209640503
612 152.3562774658203 24.154500484466553
613 160.13473510742188 24.19319176673889
614 153.16282653808594 24.234171152114868
615 143.3289337158203 24.2773916721344
616 148.31930541992188 24.317249298095703
617 163.07029724121094 24.356081008911133
618 147.77377319335938 24.392391443252563
619 148.51943969726562 24.431483268737793
620 142.42160034179688 24.472702980041504
621 132.2135772705078 24.51164984703064
622 152.5332489013672 24.551304817199707
623 149.58804321289062 24.590879678726196
624 151.07373046875 24.630330801010132
